      z[m]      p[mb]      tp[K]    q[g/kg]     u[m/s]     v[m/s]
      0.00,         64,    1009.32
     25.00000000	   1002.38720703	    297.80601772	     14.44943810	      0.00000000	      0.00000000
     75.00000000	    996.70135498	    297.71129138	     13.96328259	      0.00000000	      0.00000000
    127.84809875	    990.71423340	    297.69817623	     13.83754444	      0.00000000	      0.00000000
    186.71687317	    984.07489014	    297.70110540	     13.76995277	      0.00000000	      0.00000000
    252.29220581	    976.71655273	    297.71122195	     13.71862030	      0.00000000	      0.00000000
    325.33816528	    968.56646729	    297.72762327	     13.66205597	      0.00000000	      0.00000000
    406.70581055	    959.54577637	    297.75378830	     13.58708477	      0.00000000	      0.00000000
    497.34317017	    949.56909180	    297.79923282	     13.46896362	      0.00000000	      0.00000000
    598.30627441	    938.54522705	    297.88871849	     13.25678349	      0.00000000	      0.00000000
    710.77154541	    926.37799072	    298.08048875	     12.84962845	      0.00000000	      0.00000000
    836.04931641	    912.96795654	    298.44818161	     12.19170952	      0.00000000	      0.00000000
    975.59924316	    898.21490479	    299.00392668	     11.40450573	      0.00000000	      0.00000000
   1131.04724121	    882.01525879	    299.72131744	     10.60388756	      0.00000000	      0.00000000
   1304.20446777	    864.25744629	    300.58428122	      9.79303551	      0.00000000	      0.00000000
   1497.08850098	    844.82458496	    301.58562654	      8.92229939	      0.00000000	      0.00000000
   1711.94665527	    823.60510254	    302.69390275	      7.99177122	      0.00000000	      0.00000000
   1951.28234863	    800.49346924	    303.87660775	      7.05827618	      0.00000000	      0.00000000
   2217.88403320	    775.38677979	    305.14612998	      6.17308140	      0.00000000	      0.00000000
   2514.85815430	    748.19000244	    306.55856704	      5.29429054	      0.00000000	      0.00000000
   2845.66479492	    718.82305908	    308.15794703	      4.33185244	      0.00000000	      0.00000000
   3214.15820312	    687.22717285	    309.91981802	      3.32006979	      0.00000000	      0.00000000
   3624.63183594	    653.37139893	    311.77595345	      2.44668150	      0.00000000	      0.00000000
   4081.86840820	    617.26654053	    313.67670874	      1.87395358	      0.00000000	      0.00000000
   4581.86816406	    579.66503906	    315.61546291	      1.56544340	      0.00000000	      0.00000000
   5081.86816406	    543.95178223	    317.54113987	      1.33086085	      0.00000000	      0.00000000
   5581.86816406	    510.04141235	    319.56029078	      1.03964150	      0.00000000	      0.00000000
   6081.86816406	    477.85562134	    321.64370120	      0.71126151	      0.00000000	      0.00000000
   6581.86816406	    447.31976318	    323.61339518	      0.46049002	      0.00000000	      0.00000000
   7081.86816406	    418.36074829	    325.28048457	      0.32786509	      0.00000000	      0.00000000
   7581.86816406	    390.90179443	    326.63590056	      0.25936800	      0.00000000	      0.00000000
   8081.86816406	    364.86550903	    327.81110414	      0.20859699	      0.00000000	      0.00000000
   8581.86816406	    340.18130493	    328.87846833	      0.16519707	      0.00000000	      0.00000000
   9081.86816406	    316.78829956	    329.84529396	      0.12926266	      0.00000000	      0.00000000
   9581.86816406	    294.63201904	    330.73153863	      0.09841894	      0.00000000	      0.00000000
  10081.86816406	    273.66107178	    331.58858516	      0.07191065	      0.00000000	      0.00000000
  10581.86816406	    253.82833862	    332.47594506	      0.05096035	      0.00000000	      0.00000000
  11081.86816406	    235.09452820	    333.44617149	      0.03537508	      0.00000000	      0.00000000
  11581.86816406	    217.42576599	    334.54933346	      0.02397593	      0.00000000	      0.00000000
  12081.86816406	    200.78802490	    335.86796679	      0.01611279	      0.00000000	      0.00000000
  12581.86816406	    185.15002441	    337.57349882	      0.01100265	      0.00000000	      0.00000000
  13081.86816406	    170.49116516	    339.93590648	      0.00774599	      0.00000000	      0.00000000
  13581.86816406	    156.79888916	    343.29215385	      0.00570185	      0.00000000	      0.00000000
  14081.86816406	    144.05302429	    348.00402043	      0.00464081	      0.00000000	      0.00000000
  14581.86816406	    132.21936035	    354.26682424	      0.00428497	      0.00000000	      0.00000000
  15081.86816406	    121.27101135	    361.87230053	      0.00424851	      0.00000000	      0.00000000
  15581.86816406	    111.19653320	    370.43340284	      0.00430414	      0.00000000	      0.00000000
  16081.86816406	    101.96907806	    379.73726635	      0.00440863	      0.00000000	      0.00000000
  16581.86718750	     93.53597260	    390.19637907	      0.00452000	      0.00000000	      0.00000000
  17081.86718750	     85.83467865	    401.49517740	      0.00457810	      0.00000000	      0.00000000
  17581.86718750	     78.79399872	    412.84189322	      0.00455363	      0.00000000	      0.00000000
  18081.86718750	     72.34519196	    424.52955478	      0.00443218	      0.00000000	      0.00000000
  18581.86718750	     66.44940948	    438.16947948	      0.00416356	      0.00000000	      0.00000000
  19081.86718750	     61.08400726	    453.98420343	      0.00371305	      0.00000000	      0.00000000
  19581.86718750	     56.21194077	    470.95391992	      0.00310460	      0.00000000	      0.00000000
  20081.86718750	     51.78241348	    487.85722438	      0.00242352	      0.00000000	      0.00000000
  20590.05468750	     47.68000031	    504.54905978	      0.00176305	      0.00000000	      0.00000000
  21149.06054688	     43.57872009	    522.56693125	      0.00118595	      0.00000000	      0.00000000
  21763.96679688	     39.50859833	    542.40534986	      0.00082349	      0.00000000	      0.00000000
  22440.36328125	     35.50279236	    564.36447475	      0.00074420	      0.00000000	      0.00000000
  23184.40039062	     31.59631538	    588.66841772	      0.00074418	      0.00000000	      0.00000000
  24002.83984375	     27.82408333	    615.67651983	      0.00074262	      0.00000000	      0.00000000
  24903.12304688	     24.22022820	    645.79712698	      0.00073763	      0.00000000	      0.00000000
  25893.43554688	     20.81789207	    679.82726571	      0.00073682	      0.00000000	      0.00000000
  26982.77929688	     17.65062332	    718.95196182	      0.00073999	      0.00000000	      0.00000000
  10000.00,         64,    1009.32
     25.00000000	   1002.38720703	    297.80601772	     14.44943810	      0.00000000	      0.00000000
     75.00000000	    996.70135498	    297.71129138	     13.96328259	      0.00000000	      0.00000000
    127.84809875	    990.71423340	    297.69817623	     13.83754444	      0.00000000	      0.00000000
    186.71687317	    984.07489014	    297.70110540	     13.76995277	      0.00000000	      0.00000000
    252.29220581	    976.71655273	    297.71122195	     13.71862030	      0.00000000	      0.00000000
    325.33816528	    968.56646729	    297.72762327	     13.66205597	      0.00000000	      0.00000000
    406.70581055	    959.54577637	    297.75378830	     13.58708477	      0.00000000	      0.00000000
    497.34317017	    949.56909180	    297.79923282	     13.46896362	      0.00000000	      0.00000000
    598.30627441	    938.54522705	    297.88871849	     13.25678349	      0.00000000	      0.00000000
    710.77154541	    926.37799072	    298.08048875	     12.84962845	      0.00000000	      0.00000000
    836.04931641	    912.96795654	    298.44818161	     12.19170952	      0.00000000	      0.00000000
    975.59924316	    898.21490479	    299.00392668	     11.40450573	      0.00000000	      0.00000000
   1131.04724121	    882.01525879	    299.72131744	     10.60388756	      0.00000000	      0.00000000
   1304.20446777	    864.25744629	    300.58428122	      9.79303551	      0.00000000	      0.00000000
   1497.08850098	    844.82458496	    301.58562654	      8.92229939	      0.00000000	      0.00000000
   1711.94665527	    823.60510254	    302.69390275	      7.99177122	      0.00000000	      0.00000000
   1951.28234863	    800.49346924	    303.87660775	      7.05827618	      0.00000000	      0.00000000
   2217.88403320	    775.38677979	    305.14612998	      6.17308140	      0.00000000	      0.00000000
   2514.85815430	    748.19000244	    306.55856704	      5.29429054	      0.00000000	      0.00000000
   2845.66479492	    718.82305908	    308.15794703	      4.33185244	      0.00000000	      0.00000000
   3214.15820312	    687.22717285	    309.91981802	      3.32006979	      0.00000000	      0.00000000
   3624.63183594	    653.37139893	    311.77595345	      2.44668150	      0.00000000	      0.00000000
   4081.86840820	    617.26654053	    313.67670874	      1.87395358	      0.00000000	      0.00000000
   4581.86816406	    579.66503906	    315.61546291	      1.56544340	      0.00000000	      0.00000000
   5081.86816406	    543.95178223	    317.54113987	      1.33086085	      0.00000000	      0.00000000
   5581.86816406	    510.04141235	    319.56029078	      1.03964150	      0.00000000	      0.00000000
   6081.86816406	    477.85562134	    321.64370120	      0.71126151	      0.00000000	      0.00000000
   6581.86816406	    447.31976318	    323.61339518	      0.46049002	      0.00000000	      0.00000000
   7081.86816406	    418.36074829	    325.28048457	      0.32786509	      0.00000000	      0.00000000
   7581.86816406	    390.90179443	    326.63590056	      0.25936800	      0.00000000	      0.00000000
   8081.86816406	    364.86550903	    327.81110414	      0.20859699	      0.00000000	      0.00000000
   8581.86816406	    340.18130493	    328.87846833	      0.16519707	      0.00000000	      0.00000000
   9081.86816406	    316.78829956	    329.84529396	      0.12926266	      0.00000000	      0.00000000
   9581.86816406	    294.63201904	    330.73153863	      0.09841894	      0.00000000	      0.00000000
  10081.86816406	    273.66107178	    331.58858516	      0.07191065	      0.00000000	      0.00000000
  10581.86816406	    253.82833862	    332.47594506	      0.05096035	      0.00000000	      0.00000000
  11081.86816406	    235.09452820	    333.44617149	      0.03537508	      0.00000000	      0.00000000
  11581.86816406	    217.42576599	    334.54933346	      0.02397593	      0.00000000	      0.00000000
  12081.86816406	    200.78802490	    335.86796679	      0.01611279	      0.00000000	      0.00000000
  12581.86816406	    185.15002441	    337.57349882	      0.01100265	      0.00000000	      0.00000000
  13081.86816406	    170.49116516	    339.93590648	      0.00774599	      0.00000000	      0.00000000
  13581.86816406	    156.79888916	    343.29215385	      0.00570185	      0.00000000	      0.00000000
  14081.86816406	    144.05302429	    348.00402043	      0.00464081	      0.00000000	      0.00000000
  14581.86816406	    132.21936035	    354.26682424	      0.00428497	      0.00000000	      0.00000000
  15081.86816406	    121.27101135	    361.87230053	      0.00424851	      0.00000000	      0.00000000
  15581.86816406	    111.19653320	    370.43340284	      0.00430414	      0.00000000	      0.00000000
  16081.86816406	    101.96907806	    379.73726635	      0.00440863	      0.00000000	      0.00000000
  16581.86718750	     93.53597260	    390.19637907	      0.00452000	      0.00000000	      0.00000000
  17081.86718750	     85.83467865	    401.49517740	      0.00457810	      0.00000000	      0.00000000
  17581.86718750	     78.79399872	    412.84189322	      0.00455363	      0.00000000	      0.00000000
  18081.86718750	     72.34519196	    424.52955478	      0.00443218	      0.00000000	      0.00000000
  18581.86718750	     66.44940948	    438.16947948	      0.00416356	      0.00000000	      0.00000000
  19081.86718750	     61.08400726	    453.98420343	      0.00371305	      0.00000000	      0.00000000
  19581.86718750	     56.21194077	    470.95391992	      0.00310460	      0.00000000	      0.00000000
  20081.86718750	     51.78241348	    487.85722438	      0.00242352	      0.00000000	      0.00000000
  20590.05468750	     47.68000031	    504.54905978	      0.00176305	      0.00000000	      0.00000000
  21149.06054688	     43.57872009	    522.56693125	      0.00118595	      0.00000000	      0.00000000
  21763.96679688	     39.50859833	    542.40534986	      0.00082349	      0.00000000	      0.00000000
  22440.36328125	     35.50279236	    564.36447475	      0.00074420	      0.00000000	      0.00000000
  23184.40039062	     31.59631538	    588.66841772	      0.00074418	      0.00000000	      0.00000000
  24002.83984375	     27.82408333	    615.67651983	      0.00074262	      0.00000000	      0.00000000
  24903.12304688	     24.22022820	    645.79712698	      0.00073763	      0.00000000	      0.00000000
  25893.43554688	     20.81789207	    679.82726571	      0.00073682	      0.00000000	      0.00000000
  26982.77929688	     17.65062332	    718.95196182	      0.00073999	      0.00000000	      0.00000000
