      z[m]      p[mb]      tp[K]    q[g/kg]     u[m/s]     v[m/s]
      0.00,         64,    1009.32
     25.00000000	   1002.39190674	    297.72839500	     14.71085835	      0.00000000	      0.00000000
     75.00000000	    996.70532227	    297.63458954	     14.22285557	      0.00000000	      0.00000000
    127.84809875	    990.71746826	    297.63024527	     14.08832264	      0.00000000	      0.00000000
    186.71687317	    984.07745361	    297.64379871	     14.01011276	      0.00000000	      0.00000000
    252.29220581	    976.71862793	    297.66581999	     13.94531536	      0.00000000	      0.00000000
    325.33816528	    968.56829834	    297.69592431	     13.87083912	      0.00000000	      0.00000000
    406.70581055	    959.54766846	    297.73929611	     13.77057838	      0.00000000	      0.00000000
    497.34317017	    949.57153320	    297.80846030	     13.61435032	      0.00000000	      0.00000000
    598.30627441	    938.54901123	    297.93346889	     13.34478474	      0.00000000	      0.00000000
    710.77154541	    926.38452148	    298.17580651	     12.86531162	      0.00000000	      0.00000000
    836.04931641	    912.97924805	    298.59283990	     12.16235638	      0.00000000	      0.00000000
    975.59924316	    898.23291016	    299.16757437	     11.39824867	      0.00000000	      0.00000000
   1131.04724121	    882.04101562	    299.86498968	     10.67847729	      0.00000000	      0.00000000
   1304.20446777	    864.29016113	    300.67348759	      9.99279976	      0.00000000	      0.00000000
   1497.08850098	    844.86181641	    301.59672252	      9.28511333	      0.00000000	      0.00000000
   1711.94665527	    823.64398193	    302.63182030	      8.52721500	      0.00000000	      0.00000000
   1951.28234863	    800.53192139	    303.77184719	      7.73509884	      0.00000000	      0.00000000
   2217.88403320	    775.42431641	    305.02326492	      6.92967081	      0.00000000	      0.00000000
   2514.85815430	    748.22644043	    306.41716260	      6.09061766	      0.00000000	      0.00000000
   2845.66479492	    718.85784912	    307.98687363	      5.16590023	      0.00000000	      0.00000000
   3214.15820312	    687.25909424	    309.71918420	      4.17540359	      0.00000000	      0.00000000
   3624.63183594	    653.39880371	    311.55894206	      3.24586248	      0.00000000	      0.00000000
   4081.86840820	    617.28759766	    313.47177429	      2.52181387	      0.00000000	      0.00000000
   4581.86816406	    579.68060303	    315.46463894	      2.03727174	      0.00000000	      0.00000000
   5081.86816406	    543.96618652	    317.45034141	      1.68378532	      0.00000000	      0.00000000
   5581.86816406	    510.05819702	    319.49139449	      1.32180762	      0.00000000	      0.00000000
   6081.86816406	    477.87380981	    321.52864244	      0.94425064	      0.00000000	      0.00000000
   6581.86816406	    447.33386230	    323.42235871	      0.63826191	      0.00000000	      0.00000000
   7081.86816406	    418.36590576	    325.06354440	      0.44767267	      0.00000000	      0.00000000
   7581.86816406	    390.89785767	    326.45148411	      0.33515045	      0.00000000	      0.00000000
   8081.86816406	    364.85534668	    327.66507528	      0.25928763	      0.00000000	      0.00000000
   8581.86816406	    340.16781616	    328.76921480	      0.20137410	      0.00000000	      0.00000000
   9081.86816406	    316.77365112	    329.77309294	      0.15467995	      0.00000000	      0.00000000
   9581.86816406	    294.61740112	    330.67792933	      0.11574489	      0.00000000	      0.00000000
  10081.86816406	    273.64620972	    331.52405322	      0.08356512	      0.00000000	      0.00000000
  10581.86816406	    253.81185913	    332.38034333	      0.05825904	      0.00000000	      0.00000000
  11081.86816406	    235.07490540	    333.31970177	      0.03945348	      0.00000000	      0.00000000
  11581.86816406	    217.40255737	    334.42672488	      0.02606278	      0.00000000	      0.00000000
  12081.86816406	    200.76295471	    335.81623002	      0.01698318	      0.00000000	      0.00000000
  12581.86816406	    185.12643433	    337.63015302	      0.01121752	      0.00000000	      0.00000000
  13081.86816406	    170.47146606	    340.05611150	      0.00775253	      0.00000000	      0.00000000
  13581.86816406	    156.78337097	    343.39427508	      0.00578236	      0.00000000	      0.00000000
  14081.86816406	    144.04089355	    348.05357703	      0.00478453	      0.00000000	      0.00000000
  14581.86816406	    132.20971680	    354.28030369	      0.00443302	      0.00000000	      0.00000000
  15081.86816406	    121.26364899	    361.94069623	      0.00435132	      0.00000000	      0.00000000
  15581.86816406	    111.19097137	    370.47200277	      0.00433812	      0.00000000	      0.00000000
  16081.86816406	    101.96575165	    379.86699647	      0.00439598	      0.00000000	      0.00000000
  16581.86718750	     93.53733826	    390.49726571	      0.00450271	      0.00000000	      0.00000000
  17081.86718750	     85.84154510	    401.80652907	      0.00457735	      0.00000000	      0.00000000
  17581.86718750	     78.80444336	    413.02089012	      0.00455831	      0.00000000	      0.00000000
  18081.86718750	     72.35688782	    424.60817233	      0.00443427	      0.00000000	      0.00000000
  18581.86718750	     66.46114349	    438.22353990	      0.00416087	      0.00000000	      0.00000000
  19081.86718750	     61.09608078	    454.13273740	      0.00370828	      0.00000000	      0.00000000
  19581.86718750	     56.22480392	    471.11809213	      0.00310188	      0.00000000	      0.00000000
  20081.86718750	     51.79579163	    487.98104103	      0.00242104	      0.00000000	      0.00000000
  20590.05468750	     47.69324112	    504.60198779	      0.00175986	      0.00000000	      0.00000000
  21149.06054688	     43.59119797	    522.56023043	      0.00118184	      0.00000000	      0.00000000
  21763.96679688	     39.51987076	    542.36288616	      0.00082054	      0.00000000	      0.00000000
  22440.36328125	     35.51270676	    564.30844609	      0.00074499	      0.00000000	      0.00000000
  23184.40039062	     31.60487556	    588.60186099	      0.00074504	      0.00000000	      0.00000000
  24002.83984375	     27.83126640	    615.58313964	      0.00074352	      0.00000000	      0.00000000
  24903.12304688	     24.22602844	    645.68561376	      0.00073843	      0.00000000	      0.00000000
  25893.43554688	     20.82244492	    679.72478036	      0.00073757	      0.00000000	      0.00000000
  26982.77929688	     17.65413857	    718.84563147	      0.00074035	      0.00000000	      0.00000000
  10000.00,         64,    1009.32
     25.00000000	   1002.39190674	    297.72839500	     14.71085835	      0.00000000	      0.00000000
     75.00000000	    996.70532227	    297.63458954	     14.22285557	      0.00000000	      0.00000000
    127.84809875	    990.71746826	    297.63024527	     14.08832264	      0.00000000	      0.00000000
    186.71687317	    984.07745361	    297.64379871	     14.01011276	      0.00000000	      0.00000000
    252.29220581	    976.71862793	    297.66581999	     13.94531536	      0.00000000	      0.00000000
    325.33816528	    968.56829834	    297.69592431	     13.87083912	      0.00000000	      0.00000000
    406.70581055	    959.54766846	    297.73929611	     13.77057838	      0.00000000	      0.00000000
    497.34317017	    949.57153320	    297.80846030	     13.61435032	      0.00000000	      0.00000000
    598.30627441	    938.54901123	    297.93346889	     13.34478474	      0.00000000	      0.00000000
    710.77154541	    926.38452148	    298.17580651	     12.86531162	      0.00000000	      0.00000000
    836.04931641	    912.97924805	    298.59283990	     12.16235638	      0.00000000	      0.00000000
    975.59924316	    898.23291016	    299.16757437	     11.39824867	      0.00000000	      0.00000000
   1131.04724121	    882.04101562	    299.86498968	     10.67847729	      0.00000000	      0.00000000
   1304.20446777	    864.29016113	    300.67348759	      9.99279976	      0.00000000	      0.00000000
   1497.08850098	    844.86181641	    301.59672252	      9.28511333	      0.00000000	      0.00000000
   1711.94665527	    823.64398193	    302.63182030	      8.52721500	      0.00000000	      0.00000000
   1951.28234863	    800.53192139	    303.77184719	      7.73509884	      0.00000000	      0.00000000
   2217.88403320	    775.42431641	    305.02326492	      6.92967081	      0.00000000	      0.00000000
   2514.85815430	    748.22644043	    306.41716260	      6.09061766	      0.00000000	      0.00000000
   2845.66479492	    718.85784912	    307.98687363	      5.16590023	      0.00000000	      0.00000000
   3214.15820312	    687.25909424	    309.71918420	      4.17540359	      0.00000000	      0.00000000
   3624.63183594	    653.39880371	    311.55894206	      3.24586248	      0.00000000	      0.00000000
   4081.86840820	    617.28759766	    313.47177429	      2.52181387	      0.00000000	      0.00000000
   4581.86816406	    579.68060303	    315.46463894	      2.03727174	      0.00000000	      0.00000000
   5081.86816406	    543.96618652	    317.45034141	      1.68378532	      0.00000000	      0.00000000
   5581.86816406	    510.05819702	    319.49139449	      1.32180762	      0.00000000	      0.00000000
   6081.86816406	    477.87380981	    321.52864244	      0.94425064	      0.00000000	      0.00000000
   6581.86816406	    447.33386230	    323.42235871	      0.63826191	      0.00000000	      0.00000000
   7081.86816406	    418.36590576	    325.06354440	      0.44767267	      0.00000000	      0.00000000
   7581.86816406	    390.89785767	    326.45148411	      0.33515045	      0.00000000	      0.00000000
   8081.86816406	    364.85534668	    327.66507528	      0.25928763	      0.00000000	      0.00000000
   8581.86816406	    340.16781616	    328.76921480	      0.20137410	      0.00000000	      0.00000000
   9081.86816406	    316.77365112	    329.77309294	      0.15467995	      0.00000000	      0.00000000
   9581.86816406	    294.61740112	    330.67792933	      0.11574489	      0.00000000	      0.00000000
  10081.86816406	    273.64620972	    331.52405322	      0.08356512	      0.00000000	      0.00000000
  10581.86816406	    253.81185913	    332.38034333	      0.05825904	      0.00000000	      0.00000000
  11081.86816406	    235.07490540	    333.31970177	      0.03945348	      0.00000000	      0.00000000
  11581.86816406	    217.40255737	    334.42672488	      0.02606278	      0.00000000	      0.00000000
  12081.86816406	    200.76295471	    335.81623002	      0.01698318	      0.00000000	      0.00000000
  12581.86816406	    185.12643433	    337.63015302	      0.01121752	      0.00000000	      0.00000000
  13081.86816406	    170.47146606	    340.05611150	      0.00775253	      0.00000000	      0.00000000
  13581.86816406	    156.78337097	    343.39427508	      0.00578236	      0.00000000	      0.00000000
  14081.86816406	    144.04089355	    348.05357703	      0.00478453	      0.00000000	      0.00000000
  14581.86816406	    132.20971680	    354.28030369	      0.00443302	      0.00000000	      0.00000000
  15081.86816406	    121.26364899	    361.94069623	      0.00435132	      0.00000000	      0.00000000
  15581.86816406	    111.19097137	    370.47200277	      0.00433812	      0.00000000	      0.00000000
  16081.86816406	    101.96575165	    379.86699647	      0.00439598	      0.00000000	      0.00000000
  16581.86718750	     93.53733826	    390.49726571	      0.00450271	      0.00000000	      0.00000000
  17081.86718750	     85.84154510	    401.80652907	      0.00457735	      0.00000000	      0.00000000
  17581.86718750	     78.80444336	    413.02089012	      0.00455831	      0.00000000	      0.00000000
  18081.86718750	     72.35688782	    424.60817233	      0.00443427	      0.00000000	      0.00000000
  18581.86718750	     66.46114349	    438.22353990	      0.00416087	      0.00000000	      0.00000000
  19081.86718750	     61.09608078	    454.13273740	      0.00370828	      0.00000000	      0.00000000
  19581.86718750	     56.22480392	    471.11809213	      0.00310188	      0.00000000	      0.00000000
  20081.86718750	     51.79579163	    487.98104103	      0.00242104	      0.00000000	      0.00000000
  20590.05468750	     47.69324112	    504.60198779	      0.00175986	      0.00000000	      0.00000000
  21149.06054688	     43.59119797	    522.56023043	      0.00118184	      0.00000000	      0.00000000
  21763.96679688	     39.51987076	    542.36288616	      0.00082054	      0.00000000	      0.00000000
  22440.36328125	     35.51270676	    564.30844609	      0.00074499	      0.00000000	      0.00000000
  23184.40039062	     31.60487556	    588.60186099	      0.00074504	      0.00000000	      0.00000000
  24002.83984375	     27.83126640	    615.58313964	      0.00074352	      0.00000000	      0.00000000
  24903.12304688	     24.22602844	    645.68561376	      0.00073843	      0.00000000	      0.00000000
  25893.43554688	     20.82244492	    679.72478036	      0.00073757	      0.00000000	      0.00000000
  26982.77929688	     17.65413857	    718.84563147	      0.00074035	      0.00000000	      0.00000000
