      z[m]      p[mb]      tp[K]    q[g/kg]     u[m/s]     v[m/s]
      0.00,         64,    1009.32
     25.00000000	   1002.85986328	    297.55884258	     11.92153931	      0.00000000	      0.00000000
     75.00000000	    997.16003418	    297.46775102	     11.43751240	      0.00000000	      0.00000000
    127.84809875	    991.15802002	    297.44584275	     11.32257366	      0.00000000	      0.00000000
    186.71687317	    984.50183105	    297.43707798	     11.27001572	      0.00000000	      0.00000000
    252.29220581	    977.12463379	    297.43335690	     11.24053955	      0.00000000	      0.00000000
    325.33816528	    968.95355225	    297.43211790	     11.21551418	      0.00000000	      0.00000000
    406.70581055	    959.90930176	    297.43313150	     11.18992519	      0.00000000	      0.00000000
    497.34317017	    949.90600586	    297.43732702	     11.15731144	      0.00000000	      0.00000000
    598.30627441	    938.85162354	    297.44747026	     11.10862255	      0.00000000	      0.00000000
    710.77154541	    926.64794922	    297.47535257	     11.01232243	      0.00000000	      0.00000000
    836.04931641	    913.19158936	    297.57484665	     10.74497223	      0.00000000	      0.00000000
    975.59924316	    898.37933350	    297.99345397	      9.79464340	      0.00000000	      0.00000000
   1131.04724121	    882.11614990	    299.22214838	      7.34469748	      0.00000000	      0.00000000
   1304.20446777	    864.31268311	    301.12062405	      4.25291634	      0.00000000	      0.00000000
   1497.08850098	    844.86895752	    302.96906073	      2.10353947	      0.00000000	      0.00000000
   1711.94665527	    823.66687012	    304.25417077	      1.37003672	      0.00000000	      0.00000000
   1951.28234863	    800.57745361	    305.09512728	      1.40609241	      0.00000000	      0.00000000
   2217.88403320	    775.47766113	    305.86995434	      1.56603694	      0.00000000	      0.00000000
   2514.85815430	    748.26556396	    306.88607528	      1.54797924	      0.00000000	      0.00000000
   2845.66479492	    718.86755371	    308.27571421	      1.31524730	      0.00000000	      0.00000000
   3214.15820312	    687.23858643	    310.00721971	      1.02816319	      0.00000000	      0.00000000
   3624.63183594	    653.36163330	    311.92073392	      0.88157624	      0.00000000	      0.00000000
   4081.86840820	    617.24847412	    313.78708662	      0.91299975	      0.00000000	      0.00000000
   4581.86816406	    579.63641357	    315.52134467	      0.99183178	      0.00000000	      0.00000000
   5081.86816406	    543.90118408	    317.26642925	      0.96317524	      0.00000000	      0.00000000
   5581.86816406	    509.96768188	    319.29617766	      0.76642293	      0.00000000	      0.00000000
   6081.86816406	    477.77255249	    321.56556793	      0.47530338	      0.00000000	      0.00000000
   6581.86816406	    447.24380493	    323.69878264	      0.27165031	      0.00000000	      0.00000000
   7081.86816406	    418.29760742	    325.36890337	      0.21621411	      0.00000000	      0.00000000
   7581.86816406	    390.84747314	    326.62786167	      0.21808994	      0.00000000	      0.00000000
   8081.86816406	    364.81466675	    327.71525541	      0.20789719	      0.00000000	      0.00000000
   8581.86816406	    340.13180542	    328.76574547	      0.18252324	      0.00000000	      0.00000000
   9081.86816406	    316.74151611	    329.77733401	      0.14968404	      0.00000000	      0.00000000
   9581.86816406	    294.59094238	    330.72058958	      0.11479736	      0.00000000	      0.00000000
  10081.86816406	    273.62808228	    331.60876504	      0.08280889	      0.00000000	      0.00000000
  10581.86816406	    253.80361938	    332.47922343	      0.05763416	      0.00000000	      0.00000000
  11081.86816406	    235.07586670	    333.39899263	      0.03912219	      0.00000000	      0.00000000
  11581.86816406	    217.41050720	    334.46526902	      0.02577867	      0.00000000	      0.00000000
  12081.86816406	    200.77479553	    335.79173908	      0.01676940	      0.00000000	      0.00000000
  12581.86816406	    185.13836670	    337.50994114	      0.01133527	      0.00000000	      0.00000000
  13081.86816406	    170.47882080	    339.78399288	      0.00805394	      0.00000000	      0.00000000
  13581.86816406	    156.78022766	    342.91852639	      0.00588195	      0.00000000	      0.00000000
  14081.86816406	    144.02212524	    347.45727025	      0.00468562	      0.00000000	      0.00000000
  14581.86816406	    132.17869568	    354.03631739	      0.00425790	      0.00000000	      0.00000000
  15081.86816406	    121.23524475	    362.45462219	      0.00418373	      0.00000000	      0.00000000
  15581.86816406	    111.17863464	    371.42309443	      0.00420803	      0.00000000	      0.00000000
  16081.86816406	    101.96681976	    380.29252994	      0.00432695	      0.00000000	      0.00000000
  16581.86718750	     93.53314209	    389.61043257	      0.00449602	      0.00000000	      0.00000000
  17081.86718750	     85.81469727	    400.04331985	      0.00457866	      0.00000000	      0.00000000
  17581.86718750	     78.75494385	    411.63787666	      0.00454216	      0.00000000	      0.00000000
  18081.86718750	     72.29795074	    424.22706857	      0.00440694	      0.00000000	      0.00000000
  18581.86718750	     66.40533447	    438.51567195	      0.00413108	      0.00000000	      0.00000000
  19081.86718750	     61.04745102	    454.43372131	      0.00368355	      0.00000000	      0.00000000
  19581.86718750	     56.18156433	    471.12743524	      0.00308753	      0.00000000	      0.00000000
  20081.86718750	     51.75546646	    487.82591099	      0.00241658	      0.00000000	      0.00000000
  20590.05468750	     47.65550995	    504.54215752	      0.00175949	      0.00000000	      0.00000000
  21149.06054688	     43.55709457	    522.69478669	      0.00118194	      0.00000000	      0.00000000
  21763.96679688	     39.49027252	    542.58937596	      0.00081637	      0.00000000	      0.00000000
  22440.36328125	     35.48725510	    564.44736873	      0.00073906	      0.00000000	      0.00000000
  23184.40039062	     31.58266068	    588.67977912	      0.00073873	      0.00000000	      0.00000000
  24002.83984375	     27.81192398	    615.69014846	      0.00073739	      0.00000000	      0.00000000
  24903.12304688	     24.20939827	    645.77952405	      0.00073357	      0.00000000	      0.00000000
  25893.43554688	     20.80801964	    679.72674801	      0.00073313	      0.00000000	      0.00000000
  26982.77929688	     17.64148331	    718.86737451	      0.00073718	      0.00000000	      0.00000000
  10000.00,         64,    1009.32
     25.00000000	   1002.85986328	    297.55884258	     11.92153931	      0.00000000	      0.00000000
     75.00000000	    997.16003418	    297.46775102	     11.43751240	      0.00000000	      0.00000000
    127.84809875	    991.15802002	    297.44584275	     11.32257366	      0.00000000	      0.00000000
    186.71687317	    984.50183105	    297.43707798	     11.27001572	      0.00000000	      0.00000000
    252.29220581	    977.12463379	    297.43335690	     11.24053955	      0.00000000	      0.00000000
    325.33816528	    968.95355225	    297.43211790	     11.21551418	      0.00000000	      0.00000000
    406.70581055	    959.90930176	    297.43313150	     11.18992519	      0.00000000	      0.00000000
    497.34317017	    949.90600586	    297.43732702	     11.15731144	      0.00000000	      0.00000000
    598.30627441	    938.85162354	    297.44747026	     11.10862255	      0.00000000	      0.00000000
    710.77154541	    926.64794922	    297.47535257	     11.01232243	      0.00000000	      0.00000000
    836.04931641	    913.19158936	    297.57484665	     10.74497223	      0.00000000	      0.00000000
    975.59924316	    898.37933350	    297.99345397	      9.79464340	      0.00000000	      0.00000000
   1131.04724121	    882.11614990	    299.22214838	      7.34469748	      0.00000000	      0.00000000
   1304.20446777	    864.31268311	    301.12062405	      4.25291634	      0.00000000	      0.00000000
   1497.08850098	    844.86895752	    302.96906073	      2.10353947	      0.00000000	      0.00000000
   1711.94665527	    823.66687012	    304.25417077	      1.37003672	      0.00000000	      0.00000000
   1951.28234863	    800.57745361	    305.09512728	      1.40609241	      0.00000000	      0.00000000
   2217.88403320	    775.47766113	    305.86995434	      1.56603694	      0.00000000	      0.00000000
   2514.85815430	    748.26556396	    306.88607528	      1.54797924	      0.00000000	      0.00000000
   2845.66479492	    718.86755371	    308.27571421	      1.31524730	      0.00000000	      0.00000000
   3214.15820312	    687.23858643	    310.00721971	      1.02816319	      0.00000000	      0.00000000
   3624.63183594	    653.36163330	    311.92073392	      0.88157624	      0.00000000	      0.00000000
   4081.86840820	    617.24847412	    313.78708662	      0.91299975	      0.00000000	      0.00000000
   4581.86816406	    579.63641357	    315.52134467	      0.99183178	      0.00000000	      0.00000000
   5081.86816406	    543.90118408	    317.26642925	      0.96317524	      0.00000000	      0.00000000
   5581.86816406	    509.96768188	    319.29617766	      0.76642293	      0.00000000	      0.00000000
   6081.86816406	    477.77255249	    321.56556793	      0.47530338	      0.00000000	      0.00000000
   6581.86816406	    447.24380493	    323.69878264	      0.27165031	      0.00000000	      0.00000000
   7081.86816406	    418.29760742	    325.36890337	      0.21621411	      0.00000000	      0.00000000
   7581.86816406	    390.84747314	    326.62786167	      0.21808994	      0.00000000	      0.00000000
   8081.86816406	    364.81466675	    327.71525541	      0.20789719	      0.00000000	      0.00000000
   8581.86816406	    340.13180542	    328.76574547	      0.18252324	      0.00000000	      0.00000000
   9081.86816406	    316.74151611	    329.77733401	      0.14968404	      0.00000000	      0.00000000
   9581.86816406	    294.59094238	    330.72058958	      0.11479736	      0.00000000	      0.00000000
  10081.86816406	    273.62808228	    331.60876504	      0.08280889	      0.00000000	      0.00000000
  10581.86816406	    253.80361938	    332.47922343	      0.05763416	      0.00000000	      0.00000000
  11081.86816406	    235.07586670	    333.39899263	      0.03912219	      0.00000000	      0.00000000
  11581.86816406	    217.41050720	    334.46526902	      0.02577867	      0.00000000	      0.00000000
  12081.86816406	    200.77479553	    335.79173908	      0.01676940	      0.00000000	      0.00000000
  12581.86816406	    185.13836670	    337.50994114	      0.01133527	      0.00000000	      0.00000000
  13081.86816406	    170.47882080	    339.78399288	      0.00805394	      0.00000000	      0.00000000
  13581.86816406	    156.78022766	    342.91852639	      0.00588195	      0.00000000	      0.00000000
  14081.86816406	    144.02212524	    347.45727025	      0.00468562	      0.00000000	      0.00000000
  14581.86816406	    132.17869568	    354.03631739	      0.00425790	      0.00000000	      0.00000000
  15081.86816406	    121.23524475	    362.45462219	      0.00418373	      0.00000000	      0.00000000
  15581.86816406	    111.17863464	    371.42309443	      0.00420803	      0.00000000	      0.00000000
  16081.86816406	    101.96681976	    380.29252994	      0.00432695	      0.00000000	      0.00000000
  16581.86718750	     93.53314209	    389.61043257	      0.00449602	      0.00000000	      0.00000000
  17081.86718750	     85.81469727	    400.04331985	      0.00457866	      0.00000000	      0.00000000
  17581.86718750	     78.75494385	    411.63787666	      0.00454216	      0.00000000	      0.00000000
  18081.86718750	     72.29795074	    424.22706857	      0.00440694	      0.00000000	      0.00000000
  18581.86718750	     66.40533447	    438.51567195	      0.00413108	      0.00000000	      0.00000000
  19081.86718750	     61.04745102	    454.43372131	      0.00368355	      0.00000000	      0.00000000
  19581.86718750	     56.18156433	    471.12743524	      0.00308753	      0.00000000	      0.00000000
  20081.86718750	     51.75546646	    487.82591099	      0.00241658	      0.00000000	      0.00000000
  20590.05468750	     47.65550995	    504.54215752	      0.00175949	      0.00000000	      0.00000000
  21149.06054688	     43.55709457	    522.69478669	      0.00118194	      0.00000000	      0.00000000
  21763.96679688	     39.49027252	    542.58937596	      0.00081637	      0.00000000	      0.00000000
  22440.36328125	     35.48725510	    564.44736873	      0.00073906	      0.00000000	      0.00000000
  23184.40039062	     31.58266068	    588.67977912	      0.00073873	      0.00000000	      0.00000000
  24002.83984375	     27.81192398	    615.69014846	      0.00073739	      0.00000000	      0.00000000
  24903.12304688	     24.20939827	    645.77952405	      0.00073357	      0.00000000	      0.00000000
  25893.43554688	     20.80801964	    679.72674801	      0.00073313	      0.00000000	      0.00000000
  26982.77929688	     17.64148331	    718.86737451	      0.00073718	      0.00000000	      0.00000000
