      z[m]      p[mb]      tp[K]    q[g/kg]     u[m/s]     v[m/s]
      0.00,         64,    1009.32
     25.00000000	   1002.45593262	    297.49240886	     10.81652737	      0.00000000	      0.00000000
     75.00000000	    996.75146484	    297.40741648	     10.33010006	      0.00000000	      0.00000000
    127.84809875	    990.74499512	    297.39361609	     10.23206806	      0.00000000	      0.00000000
    186.71687317	    984.08416748	    297.39074890	     10.18313408	      0.00000000	      0.00000000
    252.29220581	    976.70202637	    297.39256098	     10.15064144	      0.00000000	      0.00000000
    325.33816528	    968.52539062	    297.39738332	     10.11625099	      0.00000000	      0.00000000
    406.70581055	    959.47509766	    297.40610560	     10.07354069	      0.00000000	      0.00000000
    497.34317017	    949.46514893	    297.42188154	     10.00870514	      0.00000000	      0.00000000
    598.30627441	    938.40356445	    297.45546026	      9.88887310	      0.00000000	      0.00000000
    710.77154541	    926.19250488	    297.55973943	      9.56920719	      0.00000000	      0.00000000
    836.04931641	    912.73150635	    297.96181903	      8.53130245	      0.00000000	      0.00000000
    975.59924316	    897.92889404	    299.25563135	      5.79831076	      0.00000000	      0.00000000
   1131.04724121	    881.70623779	    301.41020247	      2.41373539	      0.00000000	      0.00000000
   1304.20446777	    863.97174072	    303.28131777	      0.78001124	      0.00000000	      0.00000000
   1497.08850098	    844.59631348	    304.33702808	      0.62392277	      0.00000000	      0.00000000
   1711.94665527	    823.44036865	    305.02314097	      0.80214268	      0.00000000	      0.00000000
   1951.28234863	    800.38427734	    305.82833483	      0.92034769	      0.00000000	      0.00000000
   2217.88403320	    775.32641602	    306.85914138	      0.92338687	      0.00000000	      0.00000000
   2514.85815430	    748.17510986	    308.08716352	      0.88517737	      0.00000000	      0.00000000
   2845.66479492	    718.85455322	    309.52158040	      0.83523881	      0.00000000	      0.00000000
   3214.15820312	    687.31243896	    311.11535759	      0.80573565	      0.00000000	      0.00000000
   3624.63183594	    653.51910400	    312.74418874	      0.81413394	      0.00000000	      0.00000000
   4081.86840820	    617.47161865	    314.31895052	      0.82209581	      0.00000000	      0.00000000
   4581.86816406	    579.89874268	    315.89902404	      0.76313961	      0.00000000	      0.00000000
   5081.86816406	    544.17535400	    317.53224920	      0.64398134	      0.00000000	      0.00000000
   5581.86816406	    510.23156738	    319.37728553	      0.49387577	      0.00000000	      0.00000000
   6081.86816406	    478.00750732	    321.39805188	      0.34574407	      0.00000000	      0.00000000
   6581.86816406	    447.43652344	    323.32199570	      0.24485783	      0.00000000	      0.00000000
   7081.86816406	    418.44543457	    324.98330200	      0.19598682	      0.00000000	      0.00000000
   7581.86816406	    390.96133423	    326.48448950	      0.17519088	      0.00000000	      0.00000000
   8081.86816406	    364.90975952	    327.81797695	      0.17168248	      0.00000000	      0.00000000
   8581.86816406	    340.21466064	    328.91646836	      0.17149918	      0.00000000	      0.00000000
   9081.86816406	    316.81030273	    329.85529186	      0.15895663	      0.00000000	      0.00000000
   9581.86816406	    294.64288330	    330.73181330	      0.13383374	      0.00000000	      0.00000000
  10081.86816406	    273.66098022	    331.52863615	      0.10160920	      0.00000000	      0.00000000
  10581.86816406	    253.81327820	    332.24304574	      0.07044083	      0.00000000	      0.00000000
  11081.86816406	    235.05899048	    333.08302994	      0.04557564	      0.00000000	      0.00000000
  11581.86816406	    217.37101746	    334.29349770	      0.02815550	      0.00000000	      0.00000000
  12081.86816406	    200.72357178	    335.88273152	      0.01732661	      0.00000000	      0.00000000
  12581.86816406	    185.08689880	    337.83585008	      0.01144491	      0.00000000	      0.00000000
  13081.86816406	    170.44036865	    340.50660367	      0.00765372	      0.00000000	      0.00000000
  13581.86816406	    156.77528381	    344.29144748	      0.00535396	      0.00000000	      0.00000000
  14081.86816406	    144.06683350	    349.07771236	      0.00445025	      0.00000000	      0.00000000
  14581.86816406	    132.26095581	    354.64197840	      0.00436414	      0.00000000	      0.00000000
  15081.86816406	    121.31669617	    361.31014702	      0.00438908	      0.00000000	      0.00000000
  15581.86816406	    111.22763062	    369.38810220	      0.00432512	      0.00000000	      0.00000000
  16081.86816406	    101.97987366	    378.76744013	      0.00433201	      0.00000000	      0.00000000
  16581.86718750	     93.52507782	    389.15287286	      0.00441336	      0.00000000	      0.00000000
  17081.86718750	     85.80051422	    400.40499446	      0.00450042	      0.00000000	      0.00000000
  17581.86718750	     78.74008942	    411.85242780	      0.00453363	      0.00000000	      0.00000000
  18081.86718750	     72.28054047	    423.84494212	      0.00444003	      0.00000000	      0.00000000
  18581.86718750	     66.38423920	    438.12720599	      0.00416063	      0.00000000	      0.00000000
  19081.86718750	     61.02350616	    454.18439271	      0.00371817	      0.00000000	      0.00000000
  19581.86718750	     56.15690613	    471.20310294	      0.00311821	      0.00000000	      0.00000000
  20081.86718750	     51.73262787	    488.17821216	      0.00242099	      0.00000000	      0.00000000
  20590.05468750	     47.63581467	    504.98351539	      0.00173779	      0.00000000	      0.00000000
  21149.06054688	     43.54064941	    523.05296183	      0.00115501	      0.00000000	      0.00000000
  21763.96679688	     39.47666168	    542.84748283	      0.00080474	      0.00000000	      0.00000000
  22440.36328125	     35.47630310	    564.70174873	      0.00074379	      0.00000000	      0.00000000
  23184.40039062	     31.57433128	    588.92608280	      0.00074350	      0.00000000	      0.00000000
  24002.83984375	     27.80595398	    615.91866335	      0.00074110	      0.00000000	      0.00000000
  24903.12304688	     24.20541763	    645.98325812	      0.00073800	      0.00000000	      0.00000000
  25893.43554688	     20.80563736	    679.88644696	      0.00073793	      0.00000000	      0.00000000
  26982.77929688	     17.64034653	    718.99345857	      0.00074378	      0.00000000	      0.00000000
  10000.00,         64,    1009.32
     25.00000000	   1002.45593262	    297.49240886	     10.81652737	      0.00000000	      0.00000000
     75.00000000	    996.75146484	    297.40741648	     10.33010006	      0.00000000	      0.00000000
    127.84809875	    990.74499512	    297.39361609	     10.23206806	      0.00000000	      0.00000000
    186.71687317	    984.08416748	    297.39074890	     10.18313408	      0.00000000	      0.00000000
    252.29220581	    976.70202637	    297.39256098	     10.15064144	      0.00000000	      0.00000000
    325.33816528	    968.52539062	    297.39738332	     10.11625099	      0.00000000	      0.00000000
    406.70581055	    959.47509766	    297.40610560	     10.07354069	      0.00000000	      0.00000000
    497.34317017	    949.46514893	    297.42188154	     10.00870514	      0.00000000	      0.00000000
    598.30627441	    938.40356445	    297.45546026	      9.88887310	      0.00000000	      0.00000000
    710.77154541	    926.19250488	    297.55973943	      9.56920719	      0.00000000	      0.00000000
    836.04931641	    912.73150635	    297.96181903	      8.53130245	      0.00000000	      0.00000000
    975.59924316	    897.92889404	    299.25563135	      5.79831076	      0.00000000	      0.00000000
   1131.04724121	    881.70623779	    301.41020247	      2.41373539	      0.00000000	      0.00000000
   1304.20446777	    863.97174072	    303.28131777	      0.78001124	      0.00000000	      0.00000000
   1497.08850098	    844.59631348	    304.33702808	      0.62392277	      0.00000000	      0.00000000
   1711.94665527	    823.44036865	    305.02314097	      0.80214268	      0.00000000	      0.00000000
   1951.28234863	    800.38427734	    305.82833483	      0.92034769	      0.00000000	      0.00000000
   2217.88403320	    775.32641602	    306.85914138	      0.92338687	      0.00000000	      0.00000000
   2514.85815430	    748.17510986	    308.08716352	      0.88517737	      0.00000000	      0.00000000
   2845.66479492	    718.85455322	    309.52158040	      0.83523881	      0.00000000	      0.00000000
   3214.15820312	    687.31243896	    311.11535759	      0.80573565	      0.00000000	      0.00000000
   3624.63183594	    653.51910400	    312.74418874	      0.81413394	      0.00000000	      0.00000000
   4081.86840820	    617.47161865	    314.31895052	      0.82209581	      0.00000000	      0.00000000
   4581.86816406	    579.89874268	    315.89902404	      0.76313961	      0.00000000	      0.00000000
   5081.86816406	    544.17535400	    317.53224920	      0.64398134	      0.00000000	      0.00000000
   5581.86816406	    510.23156738	    319.37728553	      0.49387577	      0.00000000	      0.00000000
   6081.86816406	    478.00750732	    321.39805188	      0.34574407	      0.00000000	      0.00000000
   6581.86816406	    447.43652344	    323.32199570	      0.24485783	      0.00000000	      0.00000000
   7081.86816406	    418.44543457	    324.98330200	      0.19598682	      0.00000000	      0.00000000
   7581.86816406	    390.96133423	    326.48448950	      0.17519088	      0.00000000	      0.00000000
   8081.86816406	    364.90975952	    327.81797695	      0.17168248	      0.00000000	      0.00000000
   8581.86816406	    340.21466064	    328.91646836	      0.17149918	      0.00000000	      0.00000000
   9081.86816406	    316.81030273	    329.85529186	      0.15895663	      0.00000000	      0.00000000
   9581.86816406	    294.64288330	    330.73181330	      0.13383374	      0.00000000	      0.00000000
  10081.86816406	    273.66098022	    331.52863615	      0.10160920	      0.00000000	      0.00000000
  10581.86816406	    253.81327820	    332.24304574	      0.07044083	      0.00000000	      0.00000000
  11081.86816406	    235.05899048	    333.08302994	      0.04557564	      0.00000000	      0.00000000
  11581.86816406	    217.37101746	    334.29349770	      0.02815550	      0.00000000	      0.00000000
  12081.86816406	    200.72357178	    335.88273152	      0.01732661	      0.00000000	      0.00000000
  12581.86816406	    185.08689880	    337.83585008	      0.01144491	      0.00000000	      0.00000000
  13081.86816406	    170.44036865	    340.50660367	      0.00765372	      0.00000000	      0.00000000
  13581.86816406	    156.77528381	    344.29144748	      0.00535396	      0.00000000	      0.00000000
  14081.86816406	    144.06683350	    349.07771236	      0.00445025	      0.00000000	      0.00000000
  14581.86816406	    132.26095581	    354.64197840	      0.00436414	      0.00000000	      0.00000000
  15081.86816406	    121.31669617	    361.31014702	      0.00438908	      0.00000000	      0.00000000
  15581.86816406	    111.22763062	    369.38810220	      0.00432512	      0.00000000	      0.00000000
  16081.86816406	    101.97987366	    378.76744013	      0.00433201	      0.00000000	      0.00000000
  16581.86718750	     93.52507782	    389.15287286	      0.00441336	      0.00000000	      0.00000000
  17081.86718750	     85.80051422	    400.40499446	      0.00450042	      0.00000000	      0.00000000
  17581.86718750	     78.74008942	    411.85242780	      0.00453363	      0.00000000	      0.00000000
  18081.86718750	     72.28054047	    423.84494212	      0.00444003	      0.00000000	      0.00000000
  18581.86718750	     66.38423920	    438.12720599	      0.00416063	      0.00000000	      0.00000000
  19081.86718750	     61.02350616	    454.18439271	      0.00371817	      0.00000000	      0.00000000
  19581.86718750	     56.15690613	    471.20310294	      0.00311821	      0.00000000	      0.00000000
  20081.86718750	     51.73262787	    488.17821216	      0.00242099	      0.00000000	      0.00000000
  20590.05468750	     47.63581467	    504.98351539	      0.00173779	      0.00000000	      0.00000000
  21149.06054688	     43.54064941	    523.05296183	      0.00115501	      0.00000000	      0.00000000
  21763.96679688	     39.47666168	    542.84748283	      0.00080474	      0.00000000	      0.00000000
  22440.36328125	     35.47630310	    564.70174873	      0.00074379	      0.00000000	      0.00000000
  23184.40039062	     31.57433128	    588.92608280	      0.00074350	      0.00000000	      0.00000000
  24002.83984375	     27.80595398	    615.91866335	      0.00074110	      0.00000000	      0.00000000
  24903.12304688	     24.20541763	    645.98325812	      0.00073800	      0.00000000	      0.00000000
  25893.43554688	     20.80563736	    679.88644696	      0.00073793	      0.00000000	      0.00000000
  26982.77929688	     17.64034653	    718.99345857	      0.00074378	      0.00000000	      0.00000000
