      z[m]      p[mb]      tp[K]    q[g/kg]     u[m/s]     v[m/s]
      0.00,         64,    1009.32
     25.00000000	   1002.71759033	    297.51013165	     11.34027004	      0.00000000	      0.00000000
     75.00000000	    997.01519775	    297.41981019	     10.84506989	      0.00000000	      0.00000000
    127.84809875	    991.01055908	    297.40091150	     10.73728943	      0.00000000	      0.00000000
    186.71687317	    984.35156250	    297.39423279	     10.68747807	      0.00000000	      0.00000000
    252.29220581	    976.97131348	    297.39228996	     10.65839291	      0.00000000	      0.00000000
    325.33816528	    968.79681396	    297.39275256	     10.63155651	      0.00000000	      0.00000000
    406.70581055	    959.74871826	    297.39569678	     10.60241127	      0.00000000	      0.00000000
    497.34317017	    949.74127197	    297.40221199	     10.56349182	      0.00000000	      0.00000000
    598.30627441	    938.68218994	    297.41607724	     10.50261402	      0.00000000	      0.00000000
    710.77154541	    926.47338867	    297.45276068	     10.37571335	      0.00000000	      0.00000000
    836.04931641	    913.01171875	    297.58906814	      9.99763966	      0.00000000	      0.00000000
    975.59924316	    898.19586182	    298.15126552	      8.68220806	      0.00000000	      0.00000000
   1131.04724121	    881.93572998	    299.70064049	      5.62052679	      0.00000000	      0.00000000
   1304.20446777	    864.14758301	    301.88336691	      2.36133885	      0.00000000	      0.00000000
   1497.08850098	    844.72851562	    303.62944741	      0.94205064	      0.00000000	      0.00000000
   1711.94665527	    823.54943848	    304.65842062	      0.80392969	      0.00000000	      0.00000000
   1951.28234863	    800.47613525	    305.38019786	      0.94921637	      0.00000000	      0.00000000
   2217.88403320	    775.39025879	    306.18670193	      1.07033420	      0.00000000	      0.00000000
   2514.85815430	    748.19628906	    307.26468211	      1.07468402	      0.00000000	      0.00000000
   2845.66479492	    718.82208252	    308.66734411	      0.96484441	      0.00000000	      0.00000000
   3214.15820312	    687.22094727	    310.36568792	      0.83041400	      0.00000000	      0.00000000
   3624.63183594	    653.37213135	    312.21843047	      0.78565991	      0.00000000	      0.00000000
   4081.86840820	    617.28393555	    314.02546232	      0.84445727	      0.00000000	      0.00000000
   4581.86816406	    579.69097900	    315.70718797	      0.92432976	      0.00000000	      0.00000000
   5081.86816406	    543.96771240	    317.40693548	      0.87825805	      0.00000000	      0.00000000
   5581.86816406	    510.04214478	    319.41688442	      0.66435474	      0.00000000	      0.00000000
   6081.86816406	    477.85308838	    321.66766947	      0.38658187	      0.00000000	      0.00000000
   6581.86816406	    447.32714844	    323.74845155	      0.22267754	      0.00000000	      0.00000000
   7081.86816406	    418.37808228	    325.34764697	      0.20138882	      0.00000000	      0.00000000
   7581.86816406	    390.92098999	    326.59127992	      0.21624105	      0.00000000	      0.00000000
   8081.86816406	    364.88012695	    327.67758730	      0.21191026	      0.00000000	      0.00000000
   8581.86816406	    340.18777466	    328.69080498	      0.18611331	      0.00000000	      0.00000000
   9081.86816406	    316.78613281	    329.66600996	      0.14773680	      0.00000000	      0.00000000
   9581.86816406	    294.62353516	    330.58677397	      0.10867571	      0.00000000	      0.00000000
  10081.86816406	    273.64843750	    331.45397197	      0.07771203	      0.00000000	      0.00000000
  10581.86816406	    253.81254578	    332.34269253	      0.05411416	      0.00000000	      0.00000000
  11081.86816406	    235.07719421	    333.35951650	      0.03608733	      0.00000000	      0.00000000
  11581.86816406	    217.41104126	    334.58137103	      0.02345054	      0.00000000	      0.00000000
  12081.86816406	    200.78195190	    336.04879689	      0.01544805	      0.00000000	      0.00000000
  12581.86816406	    185.15626526	    337.80379316	      0.01066793	      0.00000000	      0.00000000
  13081.86816406	    170.50633240	    340.02411203	      0.00774771	      0.00000000	      0.00000000
  13581.86816406	    156.81391907	    343.13597104	      0.00574673	      0.00000000	      0.00000000
  14081.86816406	    144.06121826	    347.74035376	      0.00462706	      0.00000000	      0.00000000
  14581.86816406	    132.22534180	    354.38846605	      0.00431519	      0.00000000	      0.00000000
  15081.86816406	    121.28302765	    362.29284681	      0.00428858	      0.00000000	      0.00000000
  15581.86816406	    111.21104431	    370.43867963	      0.00425080	      0.00000000	      0.00000000
  16081.86816406	    101.97650909	    379.27744135	      0.00428240	      0.00000000	      0.00000000
  16581.86718750	     93.52745819	    389.18572327	      0.00445733	      0.00000000	      0.00000000
  17081.86718750	     85.80290222	    400.00663639	      0.00455649	      0.00000000	      0.00000000
  17581.86718750	     78.74197388	    411.67417229	      0.00453296	      0.00000000	      0.00000000
  18081.86718750	     72.28720093	    424.40887743	      0.00440331	      0.00000000	      0.00000000
  18581.86718750	     66.39978027	    438.93801318	      0.00412599	      0.00000000	      0.00000000
  19081.86718750	     61.04715347	    454.82453808	      0.00367925	      0.00000000	      0.00000000
  19581.86718750	     56.18431473	    471.37733248	      0.00308590	      0.00000000	      0.00000000
  20081.86718750	     51.75962067	    488.02368236	      0.00241613	      0.00000000	      0.00000000
  20590.05468750	     47.66055298	    504.72679434	      0.00175525	      0.00000000	      0.00000000
  21149.06054688	     43.56279373	    522.82966727	      0.00117182	      0.00000000	      0.00000000
  21763.96679688	     39.49625397	    542.68114046	      0.00080628	      0.00000000	      0.00000000
  22440.36328125	     35.49317169	    564.50226051	      0.00074038	      0.00000000	      0.00000000
  23184.40039062	     31.58825684	    588.70621783	      0.00074015	      0.00000000	      0.00000000
  24002.83984375	     27.81702805	    615.69511379	      0.00073817	      0.00000000	      0.00000000
  24903.12304688	     24.21388817	    645.75984161	      0.00073427	      0.00000000	      0.00000000
  25893.43554688	     20.81179237	    679.67521970	      0.00073407	      0.00000000	      0.00000000
  26982.77929688	     17.64455032	    718.80977279	      0.00073864	      0.00000000	      0.00000000
  10000.00,         64,    1009.32
     25.00000000	   1002.71759033	    297.51013165	     11.34027004	      0.00000000	      0.00000000
     75.00000000	    997.01519775	    297.41981019	     10.84506989	      0.00000000	      0.00000000
    127.84809875	    991.01055908	    297.40091150	     10.73728943	      0.00000000	      0.00000000
    186.71687317	    984.35156250	    297.39423279	     10.68747807	      0.00000000	      0.00000000
    252.29220581	    976.97131348	    297.39228996	     10.65839291	      0.00000000	      0.00000000
    325.33816528	    968.79681396	    297.39275256	     10.63155651	      0.00000000	      0.00000000
    406.70581055	    959.74871826	    297.39569678	     10.60241127	      0.00000000	      0.00000000
    497.34317017	    949.74127197	    297.40221199	     10.56349182	      0.00000000	      0.00000000
    598.30627441	    938.68218994	    297.41607724	     10.50261402	      0.00000000	      0.00000000
    710.77154541	    926.47338867	    297.45276068	     10.37571335	      0.00000000	      0.00000000
    836.04931641	    913.01171875	    297.58906814	      9.99763966	      0.00000000	      0.00000000
    975.59924316	    898.19586182	    298.15126552	      8.68220806	      0.00000000	      0.00000000
   1131.04724121	    881.93572998	    299.70064049	      5.62052679	      0.00000000	      0.00000000
   1304.20446777	    864.14758301	    301.88336691	      2.36133885	      0.00000000	      0.00000000
   1497.08850098	    844.72851562	    303.62944741	      0.94205064	      0.00000000	      0.00000000
   1711.94665527	    823.54943848	    304.65842062	      0.80392969	      0.00000000	      0.00000000
   1951.28234863	    800.47613525	    305.38019786	      0.94921637	      0.00000000	      0.00000000
   2217.88403320	    775.39025879	    306.18670193	      1.07033420	      0.00000000	      0.00000000
   2514.85815430	    748.19628906	    307.26468211	      1.07468402	      0.00000000	      0.00000000
   2845.66479492	    718.82208252	    308.66734411	      0.96484441	      0.00000000	      0.00000000
   3214.15820312	    687.22094727	    310.36568792	      0.83041400	      0.00000000	      0.00000000
   3624.63183594	    653.37213135	    312.21843047	      0.78565991	      0.00000000	      0.00000000
   4081.86840820	    617.28393555	    314.02546232	      0.84445727	      0.00000000	      0.00000000
   4581.86816406	    579.69097900	    315.70718797	      0.92432976	      0.00000000	      0.00000000
   5081.86816406	    543.96771240	    317.40693548	      0.87825805	      0.00000000	      0.00000000
   5581.86816406	    510.04214478	    319.41688442	      0.66435474	      0.00000000	      0.00000000
   6081.86816406	    477.85308838	    321.66766947	      0.38658187	      0.00000000	      0.00000000
   6581.86816406	    447.32714844	    323.74845155	      0.22267754	      0.00000000	      0.00000000
   7081.86816406	    418.37808228	    325.34764697	      0.20138882	      0.00000000	      0.00000000
   7581.86816406	    390.92098999	    326.59127992	      0.21624105	      0.00000000	      0.00000000
   8081.86816406	    364.88012695	    327.67758730	      0.21191026	      0.00000000	      0.00000000
   8581.86816406	    340.18777466	    328.69080498	      0.18611331	      0.00000000	      0.00000000
   9081.86816406	    316.78613281	    329.66600996	      0.14773680	      0.00000000	      0.00000000
   9581.86816406	    294.62353516	    330.58677397	      0.10867571	      0.00000000	      0.00000000
  10081.86816406	    273.64843750	    331.45397197	      0.07771203	      0.00000000	      0.00000000
  10581.86816406	    253.81254578	    332.34269253	      0.05411416	      0.00000000	      0.00000000
  11081.86816406	    235.07719421	    333.35951650	      0.03608733	      0.00000000	      0.00000000
  11581.86816406	    217.41104126	    334.58137103	      0.02345054	      0.00000000	      0.00000000
  12081.86816406	    200.78195190	    336.04879689	      0.01544805	      0.00000000	      0.00000000
  12581.86816406	    185.15626526	    337.80379316	      0.01066793	      0.00000000	      0.00000000
  13081.86816406	    170.50633240	    340.02411203	      0.00774771	      0.00000000	      0.00000000
  13581.86816406	    156.81391907	    343.13597104	      0.00574673	      0.00000000	      0.00000000
  14081.86816406	    144.06121826	    347.74035376	      0.00462706	      0.00000000	      0.00000000
  14581.86816406	    132.22534180	    354.38846605	      0.00431519	      0.00000000	      0.00000000
  15081.86816406	    121.28302765	    362.29284681	      0.00428858	      0.00000000	      0.00000000
  15581.86816406	    111.21104431	    370.43867963	      0.00425080	      0.00000000	      0.00000000
  16081.86816406	    101.97650909	    379.27744135	      0.00428240	      0.00000000	      0.00000000
  16581.86718750	     93.52745819	    389.18572327	      0.00445733	      0.00000000	      0.00000000
  17081.86718750	     85.80290222	    400.00663639	      0.00455649	      0.00000000	      0.00000000
  17581.86718750	     78.74197388	    411.67417229	      0.00453296	      0.00000000	      0.00000000
  18081.86718750	     72.28720093	    424.40887743	      0.00440331	      0.00000000	      0.00000000
  18581.86718750	     66.39978027	    438.93801318	      0.00412599	      0.00000000	      0.00000000
  19081.86718750	     61.04715347	    454.82453808	      0.00367925	      0.00000000	      0.00000000
  19581.86718750	     56.18431473	    471.37733248	      0.00308590	      0.00000000	      0.00000000
  20081.86718750	     51.75962067	    488.02368236	      0.00241613	      0.00000000	      0.00000000
  20590.05468750	     47.66055298	    504.72679434	      0.00175525	      0.00000000	      0.00000000
  21149.06054688	     43.56279373	    522.82966727	      0.00117182	      0.00000000	      0.00000000
  21763.96679688	     39.49625397	    542.68114046	      0.00080628	      0.00000000	      0.00000000
  22440.36328125	     35.49317169	    564.50226051	      0.00074038	      0.00000000	      0.00000000
  23184.40039062	     31.58825684	    588.70621783	      0.00074015	      0.00000000	      0.00000000
  24002.83984375	     27.81702805	    615.69511379	      0.00073817	      0.00000000	      0.00000000
  24903.12304688	     24.21388817	    645.75984161	      0.00073427	      0.00000000	      0.00000000
  25893.43554688	     20.81179237	    679.67521970	      0.00073407	      0.00000000	      0.00000000
  26982.77929688	     17.64455032	    718.80977279	      0.00073864	      0.00000000	      0.00000000
