      z[m]      p[mb]      tp[K]    q[g/kg]     u[m/s]     v[m/s]
      0.00,         64,    1009.32
     25.00000000	   1002.67254639	    297.18162668	     15.03948498	      0.00000000	      0.00000000
     75.00000000	    996.97601318	    297.07901027	     14.46815681	      0.00000000	      0.00000000
    127.84809875	    990.97772217	    297.12028069	     14.27581787	      0.00000000	      0.00000000
    186.71687317	    984.32702637	    297.19025540	     14.15341187	      0.00000000	      0.00000000
    252.29220581	    976.95758057	    297.27416527	     14.04441261	      0.00000000	      0.00000000
    325.33816528	    968.79711914	    297.37033294	     13.91922951	      0.00000000	      0.00000000
    406.70581055	    959.76702881	    297.48646269	     13.75814342	      0.00000000	      0.00000000
    497.34317017	    949.78271484	    297.63755890	     13.53344727	      0.00000000	      0.00000000
    598.30627441	    938.75390625	    297.84878222	     13.21205807	      0.00000000	      0.00000000
    710.77154541	    926.58544922	    298.15286184	     12.76930332	      0.00000000	      0.00000000
    836.04931641	    913.17816162	    298.57230536	     12.22853088	      0.00000000	      0.00000000
    975.59924316	    898.43035889	    299.10472901	     11.64824677	      0.00000000	      0.00000000
   1131.04724121	    882.23577881	    299.74902615	     11.05479240	      0.00000000	      0.00000000
   1304.20446777	    864.47949219	    300.50745777	     10.44693947	      0.00000000	      0.00000000
   1497.08850098	    845.04223633	    301.37590099	      9.81923676	      0.00000000	      0.00000000
   1711.94665527	    823.81170654	    302.34341624	      9.17477703	      0.00000000	      0.00000000
   1951.28234863	    800.68322754	    303.40666621	      8.51489258	      0.00000000	      0.00000000
   2217.88403320	    775.55499268	    304.57718287	      7.83782530	      0.00000000	      0.00000000
   2514.85815430	    748.33093262	    305.88410940	      7.12941027	      0.00000000	      0.00000000
   2845.66479492	    718.92907715	    307.35873226	      6.36736441	      0.00000000	      0.00000000
   3214.15820312	    687.28942871	    309.01051938	      5.54468250	      0.00000000	      0.00000000
   3624.63183594	    653.38250732	    310.82629297	      4.68803215	      0.00000000	      0.00000000
   4081.86840820	    617.22454834	    312.80461093	      3.86015415	      0.00000000	      0.00000000
   4581.86816406	    579.58032227	    314.94121191	      3.14097023	      0.00000000	      0.00000000
   5081.86816406	    543.84631348	    317.06575310	      2.57054090	      0.00000000	      0.00000000
   5581.86816406	    509.93148804	    319.18604065	      2.05904126	      0.00000000	      0.00000000
   6081.86816406	    477.74490356	    321.25664747	      1.56995404	      0.00000000	      0.00000000
   6581.86816406	    447.20352173	    323.19821224	      1.13965106	      0.00000000	      0.00000000
   7081.86816406	    418.23788452	    324.95780132	      0.81527454	      0.00000000	      0.00000000
   7581.86816406	    390.78109741	    326.50778823	      0.59653282	      0.00000000	      0.00000000
   8081.86816406	    364.75985718	    327.88017900	      0.44468164	      0.00000000	      0.00000000
   8581.86816406	    340.10058594	    329.09903495	      0.33198503	      0.00000000	      0.00000000
   9081.86816406	    316.73803711	    330.17153121	      0.24433398	      0.00000000	      0.00000000
   9581.86816406	    294.61389160	    331.10350696	      0.17459518	      0.00000000	      0.00000000
  10081.86816406	    273.67199707	    331.91840611	      0.12038594	      0.00000000	      0.00000000
  10581.86816406	    253.86035156	    332.67104102	      0.08056627	      0.00000000	      0.00000000
  11081.86816406	    235.13636780	    333.44453363	      0.05219918	      0.00000000	      0.00000000
  11581.86816406	    217.46528625	    334.31968591	      0.03281344	      0.00000000	      0.00000000
  12081.86816406	    200.81402588	    335.41141754	      0.02043582	      0.00000000	      0.00000000
  12581.86816406	    185.15408325	    336.95596926	      0.01293403	      0.00000000	      0.00000000
  13081.86816406	    170.47033691	    339.31326890	      0.00847166	      0.00000000	      0.00000000
  13581.86816406	    156.75810242	    342.85743982	      0.00597518	      0.00000000	      0.00000000
  14081.86816406	    144.00299072	    347.83181898	      0.00482352	      0.00000000	      0.00000000
  14581.86816406	    132.17012024	    354.29771212	      0.00442277	      0.00000000	      0.00000000
  15081.86816406	    121.22891235	    362.12633663	      0.00434502	      0.00000000	      0.00000000
  15581.86816406	    111.16629028	    370.96652993	      0.00440087	      0.00000000	      0.00000000
  16081.86816406	    101.95312500	    380.37058109	      0.00450144	      0.00000000	      0.00000000
  16581.86718750	     93.52683258	    390.16258333	      0.00459292	      0.00000000	      0.00000000
  17081.86718750	     85.81623077	    400.44061175	      0.00462901	      0.00000000	      0.00000000
  17581.86718750	     78.75658417	    411.41762578	      0.00457856	      0.00000000	      0.00000000
  18081.86718750	     72.29200745	    423.49488434	      0.00443765	      0.00000000	      0.00000000
  18581.86718750	     66.39014435	    437.79367995	      0.00415594	      0.00000000	      0.00000000
  19081.86718750	     61.02806854	    454.33823852	      0.00369791	      0.00000000	      0.00000000
  19581.86718750	     56.16411591	    471.46352764	      0.00309348	      0.00000000	      0.00000000
  20081.86718750	     51.74196625	    488.22728276	      0.00241679	      0.00000000	      0.00000000
  20590.05468750	     47.64503479	    504.76900230	      0.00175849	      0.00000000	      0.00000000
  21149.06054688	     43.54782486	    522.68182285	      0.00117975	      0.00000000	      0.00000000
  21763.96679688	     39.48075867	    542.43398775	      0.00081716	      0.00000000	      0.00000000
  22440.36328125	     35.47738647	    564.35518141	      0.00074326	      0.00000000	      0.00000000
  23184.40039062	     31.57314301	    588.65634165	      0.00074339	      0.00000000	      0.00000000
  24002.83984375	     27.80298996	    615.62317297	      0.00074232	      0.00000000	      0.00000000
  24903.12304688	     24.20097542	    645.70653900	      0.00073795	      0.00000000	      0.00000000
  25893.43554688	     20.80049515	    679.77356422	      0.00073704	      0.00000000	      0.00000000
  26982.77929688	     17.63513374	    718.90825293	      0.00073902	      0.00000000	      0.00000000
  10000.00,         64,    1009.32
     25.00000000	   1002.67254639	    297.18162668	     15.03948498	      0.00000000	      0.00000000
     75.00000000	    996.97601318	    297.07901027	     14.46815681	      0.00000000	      0.00000000
    127.84809875	    990.97772217	    297.12028069	     14.27581787	      0.00000000	      0.00000000
    186.71687317	    984.32702637	    297.19025540	     14.15341187	      0.00000000	      0.00000000
    252.29220581	    976.95758057	    297.27416527	     14.04441261	      0.00000000	      0.00000000
    325.33816528	    968.79711914	    297.37033294	     13.91922951	      0.00000000	      0.00000000
    406.70581055	    959.76702881	    297.48646269	     13.75814342	      0.00000000	      0.00000000
    497.34317017	    949.78271484	    297.63755890	     13.53344727	      0.00000000	      0.00000000
    598.30627441	    938.75390625	    297.84878222	     13.21205807	      0.00000000	      0.00000000
    710.77154541	    926.58544922	    298.15286184	     12.76930332	      0.00000000	      0.00000000
    836.04931641	    913.17816162	    298.57230536	     12.22853088	      0.00000000	      0.00000000
    975.59924316	    898.43035889	    299.10472901	     11.64824677	      0.00000000	      0.00000000
   1131.04724121	    882.23577881	    299.74902615	     11.05479240	      0.00000000	      0.00000000
   1304.20446777	    864.47949219	    300.50745777	     10.44693947	      0.00000000	      0.00000000
   1497.08850098	    845.04223633	    301.37590099	      9.81923676	      0.00000000	      0.00000000
   1711.94665527	    823.81170654	    302.34341624	      9.17477703	      0.00000000	      0.00000000
   1951.28234863	    800.68322754	    303.40666621	      8.51489258	      0.00000000	      0.00000000
   2217.88403320	    775.55499268	    304.57718287	      7.83782530	      0.00000000	      0.00000000
   2514.85815430	    748.33093262	    305.88410940	      7.12941027	      0.00000000	      0.00000000
   2845.66479492	    718.92907715	    307.35873226	      6.36736441	      0.00000000	      0.00000000
   3214.15820312	    687.28942871	    309.01051938	      5.54468250	      0.00000000	      0.00000000
   3624.63183594	    653.38250732	    310.82629297	      4.68803215	      0.00000000	      0.00000000
   4081.86840820	    617.22454834	    312.80461093	      3.86015415	      0.00000000	      0.00000000
   4581.86816406	    579.58032227	    314.94121191	      3.14097023	      0.00000000	      0.00000000
   5081.86816406	    543.84631348	    317.06575310	      2.57054090	      0.00000000	      0.00000000
   5581.86816406	    509.93148804	    319.18604065	      2.05904126	      0.00000000	      0.00000000
   6081.86816406	    477.74490356	    321.25664747	      1.56995404	      0.00000000	      0.00000000
   6581.86816406	    447.20352173	    323.19821224	      1.13965106	      0.00000000	      0.00000000
   7081.86816406	    418.23788452	    324.95780132	      0.81527454	      0.00000000	      0.00000000
   7581.86816406	    390.78109741	    326.50778823	      0.59653282	      0.00000000	      0.00000000
   8081.86816406	    364.75985718	    327.88017900	      0.44468164	      0.00000000	      0.00000000
   8581.86816406	    340.10058594	    329.09903495	      0.33198503	      0.00000000	      0.00000000
   9081.86816406	    316.73803711	    330.17153121	      0.24433398	      0.00000000	      0.00000000
   9581.86816406	    294.61389160	    331.10350696	      0.17459518	      0.00000000	      0.00000000
  10081.86816406	    273.67199707	    331.91840611	      0.12038594	      0.00000000	      0.00000000
  10581.86816406	    253.86035156	    332.67104102	      0.08056627	      0.00000000	      0.00000000
  11081.86816406	    235.13636780	    333.44453363	      0.05219918	      0.00000000	      0.00000000
  11581.86816406	    217.46528625	    334.31968591	      0.03281344	      0.00000000	      0.00000000
  12081.86816406	    200.81402588	    335.41141754	      0.02043582	      0.00000000	      0.00000000
  12581.86816406	    185.15408325	    336.95596926	      0.01293403	      0.00000000	      0.00000000
  13081.86816406	    170.47033691	    339.31326890	      0.00847166	      0.00000000	      0.00000000
  13581.86816406	    156.75810242	    342.85743982	      0.00597518	      0.00000000	      0.00000000
  14081.86816406	    144.00299072	    347.83181898	      0.00482352	      0.00000000	      0.00000000
  14581.86816406	    132.17012024	    354.29771212	      0.00442277	      0.00000000	      0.00000000
  15081.86816406	    121.22891235	    362.12633663	      0.00434502	      0.00000000	      0.00000000
  15581.86816406	    111.16629028	    370.96652993	      0.00440087	      0.00000000	      0.00000000
  16081.86816406	    101.95312500	    380.37058109	      0.00450144	      0.00000000	      0.00000000
  16581.86718750	     93.52683258	    390.16258333	      0.00459292	      0.00000000	      0.00000000
  17081.86718750	     85.81623077	    400.44061175	      0.00462901	      0.00000000	      0.00000000
  17581.86718750	     78.75658417	    411.41762578	      0.00457856	      0.00000000	      0.00000000
  18081.86718750	     72.29200745	    423.49488434	      0.00443765	      0.00000000	      0.00000000
  18581.86718750	     66.39014435	    437.79367995	      0.00415594	      0.00000000	      0.00000000
  19081.86718750	     61.02806854	    454.33823852	      0.00369791	      0.00000000	      0.00000000
  19581.86718750	     56.16411591	    471.46352764	      0.00309348	      0.00000000	      0.00000000
  20081.86718750	     51.74196625	    488.22728276	      0.00241679	      0.00000000	      0.00000000
  20590.05468750	     47.64503479	    504.76900230	      0.00175849	      0.00000000	      0.00000000
  21149.06054688	     43.54782486	    522.68182285	      0.00117975	      0.00000000	      0.00000000
  21763.96679688	     39.48075867	    542.43398775	      0.00081716	      0.00000000	      0.00000000
  22440.36328125	     35.47738647	    564.35518141	      0.00074326	      0.00000000	      0.00000000
  23184.40039062	     31.57314301	    588.65634165	      0.00074339	      0.00000000	      0.00000000
  24002.83984375	     27.80298996	    615.62317297	      0.00074232	      0.00000000	      0.00000000
  24903.12304688	     24.20097542	    645.70653900	      0.00073795	      0.00000000	      0.00000000
  25893.43554688	     20.80049515	    679.77356422	      0.00073704	      0.00000000	      0.00000000
  26982.77929688	     17.63513374	    718.90825293	      0.00073902	      0.00000000	      0.00000000
