      z[m]      p[mb]      tp[K]    q[g/kg]     u[m/s]     v[m/s]
      0.00,         64,    1009.32
     25.00000000	   1002.58978271	    297.80710601	     14.04332352	      0.00000000	      0.00000000
     75.00000000	    996.90197754	    297.70998513	     13.54813194	      0.00000000	      0.00000000
    127.84809875	    990.91265869	    297.69104802	     13.42624664	      0.00000000	      0.00000000
    186.71687317	    984.27062988	    297.68721538	     13.36629009	      0.00000000	      0.00000000
    252.29220581	    976.90924072	    297.68973842	     13.32528973	      0.00000000	      0.00000000
    325.33816528	    968.75567627	    297.69705128	     13.28359032	      0.00000000	      0.00000000
    406.70581055	    959.73089600	    297.71106024	     13.23096085	      0.00000000	      0.00000000
    497.34317017	    949.74932861	    297.73788985	     13.15008450	      0.00000000	      0.00000000
    598.30627441	    938.71954346	    297.79416013	     13.00534439	      0.00000000	      0.00000000
    710.77154541	    926.54443359	    297.92326703	     12.71739960	      0.00000000	      0.00000000
    836.04931641	    913.12341309	    298.20551632	     12.18731213	      0.00000000	      0.00000000
    975.59924316	    898.35552979	    298.72225367	     11.39245701	      0.00000000	      0.00000000
   1131.04724121	    882.13854980	    299.49814202	     10.40189457	      0.00000000	      0.00000000
   1304.20446777	    864.36437988	    300.51313703	      9.25437355	      0.00000000	      0.00000000
   1497.08850098	    844.91955566	    301.70169477	      7.96782446	      0.00000000	      0.00000000
   1711.94665527	    823.69329834	    302.94115255	      6.65184307	      0.00000000	      0.00000000
   1951.28234863	    800.57641602	    304.14901505	      5.49695492	      0.00000000	      0.00000000
   2217.88403320	    775.46124268	    305.35851959	      4.63523006	      0.00000000	      0.00000000
   2514.85815430	    748.25012207	    306.66650640	      3.99646616	      0.00000000	      0.00000000
   2845.66479492	    718.86322021	    308.14782580	      3.38347101	      0.00000000	      0.00000000
   3214.15820312	    687.24316406	    309.81954755	      2.68821478	      0.00000000	      0.00000000
   3624.63183594	    653.36279297	    311.64256943	      2.04167557	      0.00000000	      0.00000000
   4081.86840820	    617.23706055	    313.54374388	      1.64543235	      0.00000000	      0.00000000
   4581.86816406	    579.61889648	    315.46682718	      1.46366251	      0.00000000	      0.00000000
   5081.86816406	    543.89062500	    317.36401274	      1.30241275	      0.00000000	      0.00000000
   5581.86816406	    509.96722412	    319.40484533	      1.02796602	      0.00000000	      0.00000000
   6081.86816406	    477.77551270	    321.57012636	      0.70598924	      0.00000000	      0.00000000
   6581.86816406	    447.24224854	    323.60173383	      0.46825722	      0.00000000	      0.00000000
   7081.86816406	    418.28988647	    325.28540548	      0.34294438	      0.00000000	      0.00000000
   7581.86816406	    390.83804321	    326.65953180	      0.27648488	      0.00000000	      0.00000000
   8081.86816406	    364.80960083	    327.87806607	      0.22546829	      0.00000000	      0.00000000
   8581.86816406	    340.13464355	    328.98514861	      0.18213791	      0.00000000	      0.00000000
   9081.86816406	    316.75198364	    329.97640421	      0.14388797	      0.00000000	      0.00000000
   9581.86816406	    294.60681152	    330.88015411	      0.10827560	      0.00000000	      0.00000000
  10081.86816406	    273.64700317	    331.74433790	      0.07724129	      0.00000000	      0.00000000
  10581.86816406	    253.82432556	    332.61833275	      0.05324900	      0.00000000	      0.00000000
  11081.86816406	    235.09805298	    333.54976376	      0.03615839	      0.00000000	      0.00000000
  11581.86816406	    217.43316650	    334.58641203	      0.02448565	      0.00000000	      0.00000000
  12081.86816406	    200.79499817	    335.81909420	      0.01663793	      0.00000000	      0.00000000
  12581.86816406	    185.15235901	    337.43793008	      0.01143389	      0.00000000	      0.00000000
  13081.86816406	    170.48545837	    339.73927706	      0.00794108	      0.00000000	      0.00000000
  13581.86816406	    156.78370667	    343.06611749	      0.00570446	      0.00000000	      0.00000000
  14081.86816406	    144.03005981	    347.80810828	      0.00457845	      0.00000000	      0.00000000
  14581.86816406	    132.19456482	    354.23455449	      0.00421528	      0.00000000	      0.00000000
  15081.86816406	    121.25209045	    362.04596917	      0.00418840	      0.00000000	      0.00000000
  15581.86816406	    111.18658447	    370.66024414	      0.00428339	      0.00000000	      0.00000000
  16081.86816406	    101.96516418	    379.88289186	      0.00443716	      0.00000000	      0.00000000
  16581.86718750	     93.53272247	    390.13636119	      0.00456362	      0.00000000	      0.00000000
  17081.86718750	     85.82840729	    401.30650689	      0.00460616	      0.00000000	      0.00000000
  17581.86718750	     78.78443146	    412.65904398	      0.00456014	      0.00000000	      0.00000000
  18081.86718750	     72.33363342	    424.39185695	      0.00442561	      0.00000000	      0.00000000
  18581.86718750	     66.43759918	    438.16530886	      0.00415776	      0.00000000	      0.00000000
  19081.86718750	     61.07345200	    454.08568600	      0.00371011	      0.00000000	      0.00000000
  19581.86718750	     56.20307922	    471.04669007	      0.00310469	      0.00000000	      0.00000000
  20081.86718750	     51.77484894	    487.92242237	      0.00242509	      0.00000000	      0.00000000
  20590.05468750	     47.67337036	    504.59712715	      0.00176273	      0.00000000	      0.00000000
  21149.06054688	     43.57283020	    522.60348920	      0.00118149	      0.00000000	      0.00000000
  21763.96679688	     39.50334167	    542.42451975	      0.00081852	      0.00000000	      0.00000000
  22440.36328125	     35.49801636	    564.35035860	      0.00074515	      0.00000000	      0.00000000
  23184.40039062	     31.59188652	    588.64489847	      0.00074511	      0.00000000	      0.00000000
  24002.83984375	     27.82001495	    615.66397681	      0.00074306	      0.00000000	      0.00000000
  24903.12304688	     24.21654892	    645.77663606	      0.00073763	      0.00000000	      0.00000000
  25893.43554688	     20.81451988	    679.77641606	      0.00073691	      0.00000000	      0.00000000
  26982.77929688	     17.64750099	    718.89691431	      0.00074047	      0.00000000	      0.00000000
  10000.00,         64,    1009.32
     25.00000000	   1002.58978271	    297.80710601	     14.04332352	      0.00000000	      0.00000000
     75.00000000	    996.90197754	    297.70998513	     13.54813194	      0.00000000	      0.00000000
    127.84809875	    990.91265869	    297.69104802	     13.42624664	      0.00000000	      0.00000000
    186.71687317	    984.27062988	    297.68721538	     13.36629009	      0.00000000	      0.00000000
    252.29220581	    976.90924072	    297.68973842	     13.32528973	      0.00000000	      0.00000000
    325.33816528	    968.75567627	    297.69705128	     13.28359032	      0.00000000	      0.00000000
    406.70581055	    959.73089600	    297.71106024	     13.23096085	      0.00000000	      0.00000000
    497.34317017	    949.74932861	    297.73788985	     13.15008450	      0.00000000	      0.00000000
    598.30627441	    938.71954346	    297.79416013	     13.00534439	      0.00000000	      0.00000000
    710.77154541	    926.54443359	    297.92326703	     12.71739960	      0.00000000	      0.00000000
    836.04931641	    913.12341309	    298.20551632	     12.18731213	      0.00000000	      0.00000000
    975.59924316	    898.35552979	    298.72225367	     11.39245701	      0.00000000	      0.00000000
   1131.04724121	    882.13854980	    299.49814202	     10.40189457	      0.00000000	      0.00000000
   1304.20446777	    864.36437988	    300.51313703	      9.25437355	      0.00000000	      0.00000000
   1497.08850098	    844.91955566	    301.70169477	      7.96782446	      0.00000000	      0.00000000
   1711.94665527	    823.69329834	    302.94115255	      6.65184307	      0.00000000	      0.00000000
   1951.28234863	    800.57641602	    304.14901505	      5.49695492	      0.00000000	      0.00000000
   2217.88403320	    775.46124268	    305.35851959	      4.63523006	      0.00000000	      0.00000000
   2514.85815430	    748.25012207	    306.66650640	      3.99646616	      0.00000000	      0.00000000
   2845.66479492	    718.86322021	    308.14782580	      3.38347101	      0.00000000	      0.00000000
   3214.15820312	    687.24316406	    309.81954755	      2.68821478	      0.00000000	      0.00000000
   3624.63183594	    653.36279297	    311.64256943	      2.04167557	      0.00000000	      0.00000000
   4081.86840820	    617.23706055	    313.54374388	      1.64543235	      0.00000000	      0.00000000
   4581.86816406	    579.61889648	    315.46682718	      1.46366251	      0.00000000	      0.00000000
   5081.86816406	    543.89062500	    317.36401274	      1.30241275	      0.00000000	      0.00000000
   5581.86816406	    509.96722412	    319.40484533	      1.02796602	      0.00000000	      0.00000000
   6081.86816406	    477.77551270	    321.57012636	      0.70598924	      0.00000000	      0.00000000
   6581.86816406	    447.24224854	    323.60173383	      0.46825722	      0.00000000	      0.00000000
   7081.86816406	    418.28988647	    325.28540548	      0.34294438	      0.00000000	      0.00000000
   7581.86816406	    390.83804321	    326.65953180	      0.27648488	      0.00000000	      0.00000000
   8081.86816406	    364.80960083	    327.87806607	      0.22546829	      0.00000000	      0.00000000
   8581.86816406	    340.13464355	    328.98514861	      0.18213791	      0.00000000	      0.00000000
   9081.86816406	    316.75198364	    329.97640421	      0.14388797	      0.00000000	      0.00000000
   9581.86816406	    294.60681152	    330.88015411	      0.10827560	      0.00000000	      0.00000000
  10081.86816406	    273.64700317	    331.74433790	      0.07724129	      0.00000000	      0.00000000
  10581.86816406	    253.82432556	    332.61833275	      0.05324900	      0.00000000	      0.00000000
  11081.86816406	    235.09805298	    333.54976376	      0.03615839	      0.00000000	      0.00000000
  11581.86816406	    217.43316650	    334.58641203	      0.02448565	      0.00000000	      0.00000000
  12081.86816406	    200.79499817	    335.81909420	      0.01663793	      0.00000000	      0.00000000
  12581.86816406	    185.15235901	    337.43793008	      0.01143389	      0.00000000	      0.00000000
  13081.86816406	    170.48545837	    339.73927706	      0.00794108	      0.00000000	      0.00000000
  13581.86816406	    156.78370667	    343.06611749	      0.00570446	      0.00000000	      0.00000000
  14081.86816406	    144.03005981	    347.80810828	      0.00457845	      0.00000000	      0.00000000
  14581.86816406	    132.19456482	    354.23455449	      0.00421528	      0.00000000	      0.00000000
  15081.86816406	    121.25209045	    362.04596917	      0.00418840	      0.00000000	      0.00000000
  15581.86816406	    111.18658447	    370.66024414	      0.00428339	      0.00000000	      0.00000000
  16081.86816406	    101.96516418	    379.88289186	      0.00443716	      0.00000000	      0.00000000
  16581.86718750	     93.53272247	    390.13636119	      0.00456362	      0.00000000	      0.00000000
  17081.86718750	     85.82840729	    401.30650689	      0.00460616	      0.00000000	      0.00000000
  17581.86718750	     78.78443146	    412.65904398	      0.00456014	      0.00000000	      0.00000000
  18081.86718750	     72.33363342	    424.39185695	      0.00442561	      0.00000000	      0.00000000
  18581.86718750	     66.43759918	    438.16530886	      0.00415776	      0.00000000	      0.00000000
  19081.86718750	     61.07345200	    454.08568600	      0.00371011	      0.00000000	      0.00000000
  19581.86718750	     56.20307922	    471.04669007	      0.00310469	      0.00000000	      0.00000000
  20081.86718750	     51.77484894	    487.92242237	      0.00242509	      0.00000000	      0.00000000
  20590.05468750	     47.67337036	    504.59712715	      0.00176273	      0.00000000	      0.00000000
  21149.06054688	     43.57283020	    522.60348920	      0.00118149	      0.00000000	      0.00000000
  21763.96679688	     39.50334167	    542.42451975	      0.00081852	      0.00000000	      0.00000000
  22440.36328125	     35.49801636	    564.35035860	      0.00074515	      0.00000000	      0.00000000
  23184.40039062	     31.59188652	    588.64489847	      0.00074511	      0.00000000	      0.00000000
  24002.83984375	     27.82001495	    615.66397681	      0.00074306	      0.00000000	      0.00000000
  24903.12304688	     24.21654892	    645.77663606	      0.00073763	      0.00000000	      0.00000000
  25893.43554688	     20.81451988	    679.77641606	      0.00073691	      0.00000000	      0.00000000
  26982.77929688	     17.64750099	    718.89691431	      0.00074047	      0.00000000	      0.00000000
