      z[m]      p[mb]      tp[K]    q[g/kg]     u[m/s]     v[m/s]
      0.00,         64,    1009.32
     25.00000000	   1003.17260742	    295.00311388	     15.51877975	      0.00000000	      0.00000000
     75.00000000	    997.42932129	    294.83205985	     14.90359783	      0.00000000	      0.00000000
    127.84809875	    991.38208008	    295.02383686	     14.67088413	      0.00000000	      0.00000000
    186.71687317	    984.68048096	    295.26242527	     14.50431347	      0.00000000	      0.00000000
    252.29220581	    977.25897217	    295.52655646	     14.37280941	      0.00000000	      0.00000000
    325.33816528	    969.04602051	    295.80742955	     14.24316883	      0.00000000	      0.00000000
    406.70581055	    959.96386719	    296.11819664	     14.10759258	      0.00000000	      0.00000000
    497.34317017	    949.92919922	    296.47066027	     13.95474148	      0.00000000	      0.00000000
    598.30627441	    938.85296631	    296.87557178	     13.77275753	      0.00000000	      0.00000000
    710.77154541	    926.64093018	    297.34949332	     13.55144882	      0.00000000	      0.00000000
    836.04931641	    913.19439697	    297.90516949	     13.28390121	      0.00000000	      0.00000000
    975.59924316	    898.41101074	    298.54869593	     12.96563435	      0.00000000	      0.00000000
   1131.04724121	    882.18322754	    299.27741616	     12.59082985	      0.00000000	      0.00000000
   1304.20446777	    864.39489746	    300.09812283	     12.16080093	      0.00000000	      0.00000000
   1497.08850098	    844.92523193	    301.01677342	     11.67194366	      0.00000000	      0.00000000
   1711.94665527	    823.66113281	    302.03253953	     11.13041019	      0.00000000	      0.00000000
   1951.28234863	    800.49774170	    303.14690467	     10.53024673	      0.00000000	      0.00000000
   2217.88403320	    775.33215332	    304.36176591	      9.86143875	      0.00000000	      0.00000000
   2514.85815430	    748.06835938	    305.73939763	      9.15299320	      0.00000000	      0.00000000
   2845.66479492	    718.62646484	    307.28014408	      8.40189171	      0.00000000	      0.00000000
   3214.15820312	    686.94897461	    309.00692869	      7.61381149	      0.00000000	      0.00000000
   3624.63183594	    653.01165771	    310.91665317	      6.78491688	      0.00000000	      0.00000000
   4081.86840820	    616.83837891	    313.00671977	      5.90985966	      0.00000000	      0.00000000
   4581.86816406	    579.20074463	    315.34783457	      5.02839231	      0.00000000	      0.00000000
   5081.86816406	    543.49633789	    317.68250995	      4.20715714	      0.00000000	      0.00000000
   5581.86816406	    509.62332153	    319.91624243	      3.43150282	      0.00000000	      0.00000000
   6081.86816406	    477.48223877	    322.05185095	      2.71695995	      0.00000000	      0.00000000
   6581.86816406	    446.98770142	    324.05770061	      2.07780337	      0.00000000	      0.00000000
   7081.86816406	    418.07241821	    325.94096398	      1.53812730	      0.00000000	      0.00000000
   7581.86816406	    390.67041016	    327.59335233	      1.12804425	      0.00000000	      0.00000000
   8081.86816406	    364.70745850	    329.03584399	      0.81851470	      0.00000000	      0.00000000
   8581.86816406	    340.10882568	    330.30506435	      0.58308089	      0.00000000	      0.00000000
   9081.86816406	    316.80590820	    331.38629092	      0.40453583	      0.00000000	      0.00000000
   9581.86816406	    294.73672485	    332.29368213	      0.27413133	      0.00000000	      0.00000000
  10081.86816406	    273.84341431	    333.05856828	      0.18114293	      0.00000000	      0.00000000
  10581.86816406	    254.07293701	    333.71825354	      0.11633237	      0.00000000	      0.00000000
  11081.86816406	    235.38049316	    334.31398802	      0.07266134	      0.00000000	      0.00000000
  11581.86816406	    217.72837830	    334.92602794	      0.04430207	      0.00000000	      0.00000000
  12081.86816406	    201.08039856	    335.64652223	      0.02662708	      0.00000000	      0.00000000
  12581.86816406	    185.40309143	    336.62753915	      0.01596977	      0.00000000	      0.00000000
  13081.86816406	    170.67564392	    338.17959182	      0.00981004	      0.00000000	      0.00000000
  13581.86816406	    156.89454651	    340.92912243	      0.00646751	      0.00000000	      0.00000000
  14081.86816406	    144.06179810	    345.69233169	      0.00494572	      0.00000000	      0.00000000
  14581.86816406	    132.16732788	    352.73419058	      0.00449806	      0.00000000	      0.00000000
  15081.86816406	    121.19226837	    361.37405336	      0.00448376	      0.00000000	      0.00000000
  15581.86816406	    111.12132263	    371.04884375	      0.00465265	      0.00000000	      0.00000000
  16081.86816406	    101.92041779	    381.20149994	      0.00477522	      0.00000000	      0.00000000
  16581.86718750	     93.51699066	    391.23361622	      0.00478286	      0.00000000	      0.00000000
  17081.86718750	     85.82423401	    401.02521881	      0.00471595	      0.00000000	      0.00000000
  17581.86718750	     78.76654816	    411.02373398	      0.00460654	      0.00000000	      0.00000000
  18081.86718750	     72.29103088	    422.48889701	      0.00444931	      0.00000000	      0.00000000
  18581.86718750	     66.37776184	    437.07058517	      0.00416497	      0.00000000	      0.00000000
  19081.86718750	     61.00966644	    453.88617706	      0.00370668	      0.00000000	      0.00000000
  19581.86718750	     56.14271545	    471.07181306	      0.00310193	      0.00000000	      0.00000000
  20081.86718750	     51.71870804	    487.87243943	      0.00242902	      0.00000000	      0.00000000
  20590.05468750	     47.62104797	    504.53156318	      0.00177195	      0.00000000	      0.00000000
  21149.06054688	     43.52428436	    522.57769436	      0.00118911	      0.00000000	      0.00000000
  21763.96679688	     39.45845795	    542.36686488	      0.00082067	      0.00000000	      0.00000000
  22440.36328125	     35.45655441	    564.29718443	      0.00074223	      0.00000000	      0.00000000
  23184.40039062	     31.55401611	    588.64647756	      0.00074236	      0.00000000	      0.00000000
  24002.83984375	     27.78586006	    615.65204777	      0.00074128	      0.00000000	      0.00000000
  24903.12304688	     24.18594551	    645.75037971	      0.00073698	      0.00000000	      0.00000000
  25893.43554688	     20.78757286	    679.85218330	      0.00073621	      0.00000000	      0.00000000
  26982.77929688	     17.62420654	    718.99627664	      0.00073813	      0.00000000	      0.00000000
  10000.00,         64,    1009.32
     25.00000000	   1003.17260742	    295.00311388	     15.51877975	      0.00000000	      0.00000000
     75.00000000	    997.42932129	    294.83205985	     14.90359783	      0.00000000	      0.00000000
    127.84809875	    991.38208008	    295.02383686	     14.67088413	      0.00000000	      0.00000000
    186.71687317	    984.68048096	    295.26242527	     14.50431347	      0.00000000	      0.00000000
    252.29220581	    977.25897217	    295.52655646	     14.37280941	      0.00000000	      0.00000000
    325.33816528	    969.04602051	    295.80742955	     14.24316883	      0.00000000	      0.00000000
    406.70581055	    959.96386719	    296.11819664	     14.10759258	      0.00000000	      0.00000000
    497.34317017	    949.92919922	    296.47066027	     13.95474148	      0.00000000	      0.00000000
    598.30627441	    938.85296631	    296.87557178	     13.77275753	      0.00000000	      0.00000000
    710.77154541	    926.64093018	    297.34949332	     13.55144882	      0.00000000	      0.00000000
    836.04931641	    913.19439697	    297.90516949	     13.28390121	      0.00000000	      0.00000000
    975.59924316	    898.41101074	    298.54869593	     12.96563435	      0.00000000	      0.00000000
   1131.04724121	    882.18322754	    299.27741616	     12.59082985	      0.00000000	      0.00000000
   1304.20446777	    864.39489746	    300.09812283	     12.16080093	      0.00000000	      0.00000000
   1497.08850098	    844.92523193	    301.01677342	     11.67194366	      0.00000000	      0.00000000
   1711.94665527	    823.66113281	    302.03253953	     11.13041019	      0.00000000	      0.00000000
   1951.28234863	    800.49774170	    303.14690467	     10.53024673	      0.00000000	      0.00000000
   2217.88403320	    775.33215332	    304.36176591	      9.86143875	      0.00000000	      0.00000000
   2514.85815430	    748.06835938	    305.73939763	      9.15299320	      0.00000000	      0.00000000
   2845.66479492	    718.62646484	    307.28014408	      8.40189171	      0.00000000	      0.00000000
   3214.15820312	    686.94897461	    309.00692869	      7.61381149	      0.00000000	      0.00000000
   3624.63183594	    653.01165771	    310.91665317	      6.78491688	      0.00000000	      0.00000000
   4081.86840820	    616.83837891	    313.00671977	      5.90985966	      0.00000000	      0.00000000
   4581.86816406	    579.20074463	    315.34783457	      5.02839231	      0.00000000	      0.00000000
   5081.86816406	    543.49633789	    317.68250995	      4.20715714	      0.00000000	      0.00000000
   5581.86816406	    509.62332153	    319.91624243	      3.43150282	      0.00000000	      0.00000000
   6081.86816406	    477.48223877	    322.05185095	      2.71695995	      0.00000000	      0.00000000
   6581.86816406	    446.98770142	    324.05770061	      2.07780337	      0.00000000	      0.00000000
   7081.86816406	    418.07241821	    325.94096398	      1.53812730	      0.00000000	      0.00000000
   7581.86816406	    390.67041016	    327.59335233	      1.12804425	      0.00000000	      0.00000000
   8081.86816406	    364.70745850	    329.03584399	      0.81851470	      0.00000000	      0.00000000
   8581.86816406	    340.10882568	    330.30506435	      0.58308089	      0.00000000	      0.00000000
   9081.86816406	    316.80590820	    331.38629092	      0.40453583	      0.00000000	      0.00000000
   9581.86816406	    294.73672485	    332.29368213	      0.27413133	      0.00000000	      0.00000000
  10081.86816406	    273.84341431	    333.05856828	      0.18114293	      0.00000000	      0.00000000
  10581.86816406	    254.07293701	    333.71825354	      0.11633237	      0.00000000	      0.00000000
  11081.86816406	    235.38049316	    334.31398802	      0.07266134	      0.00000000	      0.00000000
  11581.86816406	    217.72837830	    334.92602794	      0.04430207	      0.00000000	      0.00000000
  12081.86816406	    201.08039856	    335.64652223	      0.02662708	      0.00000000	      0.00000000
  12581.86816406	    185.40309143	    336.62753915	      0.01596977	      0.00000000	      0.00000000
  13081.86816406	    170.67564392	    338.17959182	      0.00981004	      0.00000000	      0.00000000
  13581.86816406	    156.89454651	    340.92912243	      0.00646751	      0.00000000	      0.00000000
  14081.86816406	    144.06179810	    345.69233169	      0.00494572	      0.00000000	      0.00000000
  14581.86816406	    132.16732788	    352.73419058	      0.00449806	      0.00000000	      0.00000000
  15081.86816406	    121.19226837	    361.37405336	      0.00448376	      0.00000000	      0.00000000
  15581.86816406	    111.12132263	    371.04884375	      0.00465265	      0.00000000	      0.00000000
  16081.86816406	    101.92041779	    381.20149994	      0.00477522	      0.00000000	      0.00000000
  16581.86718750	     93.51699066	    391.23361622	      0.00478286	      0.00000000	      0.00000000
  17081.86718750	     85.82423401	    401.02521881	      0.00471595	      0.00000000	      0.00000000
  17581.86718750	     78.76654816	    411.02373398	      0.00460654	      0.00000000	      0.00000000
  18081.86718750	     72.29103088	    422.48889701	      0.00444931	      0.00000000	      0.00000000
  18581.86718750	     66.37776184	    437.07058517	      0.00416497	      0.00000000	      0.00000000
  19081.86718750	     61.00966644	    453.88617706	      0.00370668	      0.00000000	      0.00000000
  19581.86718750	     56.14271545	    471.07181306	      0.00310193	      0.00000000	      0.00000000
  20081.86718750	     51.71870804	    487.87243943	      0.00242902	      0.00000000	      0.00000000
  20590.05468750	     47.62104797	    504.53156318	      0.00177195	      0.00000000	      0.00000000
  21149.06054688	     43.52428436	    522.57769436	      0.00118911	      0.00000000	      0.00000000
  21763.96679688	     39.45845795	    542.36686488	      0.00082067	      0.00000000	      0.00000000
  22440.36328125	     35.45655441	    564.29718443	      0.00074223	      0.00000000	      0.00000000
  23184.40039062	     31.55401611	    588.64647756	      0.00074236	      0.00000000	      0.00000000
  24002.83984375	     27.78586006	    615.65204777	      0.00074128	      0.00000000	      0.00000000
  24903.12304688	     24.18594551	    645.75037971	      0.00073698	      0.00000000	      0.00000000
  25893.43554688	     20.78757286	    679.85218330	      0.00073621	      0.00000000	      0.00000000
  26982.77929688	     17.62420654	    718.99627664	      0.00073813	      0.00000000	      0.00000000
