      z[m]      p[mb]      tp[K]    q[g/kg]     u[m/s]     v[m/s]
      0.00,         64,    1009.32
     25.00000000	   1003.21057129	    295.24875314	     15.35534191	      0.00000000	      0.00000000
     75.00000000	    997.47515869	    295.12823893	     14.69201660	      0.00000000	      0.00000000
    127.84809875	    991.43676758	    295.33159497	     14.43659687	      0.00000000	      0.00000000
    186.71687317	    984.74499512	    295.56663574	     14.26093769	      0.00000000	      0.00000000
    252.29220581	    977.33422852	    295.82567013	     14.12129688	      0.00000000	      0.00000000
    325.33816528	    969.13281250	    296.09761381	     13.97995949	      0.00000000	      0.00000000
    406.70581055	    960.06298828	    296.39431144	     13.82706928	      0.00000000	      0.00000000
    497.34317017	    950.04107666	    296.72629198	     13.64580631	      0.00000000	      0.00000000
    598.30627441	    938.97778320	    297.10584320	     13.42746544	      0.00000000	      0.00000000
    710.77154541	    926.77862549	    297.54167759	     13.16216564	      0.00000000	      0.00000000
    836.04931641	    913.34387207	    298.03896632	     12.84795189	      0.00000000	      0.00000000
    975.59924316	    898.57049561	    298.60746310	     12.47950172	      0.00000000	      0.00000000
   1131.04724121	    882.35028076	    299.25565524	     12.05274105	      0.00000000	      0.00000000
   1304.20446777	    864.56628418	    299.98917628	     11.57360744	      0.00000000	      0.00000000
   1497.08850098	    845.09735107	    300.81560068	     11.04307747	      0.00000000	      0.00000000
   1711.94665527	    823.83020020	    301.73826124	     10.46588230	      0.00000000	      0.00000000
   1951.28234863	    800.66009521	    302.75724366	      9.84599686	      0.00000000	      0.00000000
   2217.88403320	    775.48541260	    303.91045133	      9.18815613	      0.00000000	      0.00000000
   2514.85815430	    748.21179199	    305.24154585	      8.49454975	      0.00000000	      0.00000000
   2845.66479492	    718.75933838	    306.75280264	      7.76383114	      0.00000000	      0.00000000
   3214.15820312	    687.06976318	    308.44621695	      6.98992157	      0.00000000	      0.00000000
   3624.63183594	    653.11724854	    310.33605566	      6.16962481	      0.00000000	      0.00000000
   4081.86840820	    616.92529297	    312.45267015	      5.31588650	      0.00000000	      0.00000000
   4581.86816406	    579.26837158	    314.83621611	      4.45142746	      0.00000000	      0.00000000
   5081.86816406	    543.54595947	    317.20824263	      3.67004490	      0.00000000	      0.00000000
   5581.86816406	    509.65557861	    319.48371046	      2.96255326	      0.00000000	      0.00000000
   6081.86816406	    477.49807739	    321.66318145	      2.31847739	      0.00000000	      0.00000000
   6581.86816406	    446.98922729	    323.71954696	      1.75622308	      0.00000000	      0.00000000
   7081.86816406	    418.06225586	    325.63470276	      1.30200076	      0.00000000	      0.00000000
   7581.86816406	    390.65118408	    327.31521463	      0.96477735	      0.00000000	      0.00000000
   8081.86816406	    364.68124390	    328.78299381	      0.71348566	      0.00000000	      0.00000000
   8581.86816406	    340.07647705	    330.06119625	      0.51846653	      0.00000000	      0.00000000
   9081.86816406	    316.76785278	    331.15579243	      0.36679322	      0.00000000	      0.00000000
   9581.86816406	    294.69381714	    332.08200032	      0.25158983	      0.00000000	      0.00000000
  10081.86816406	    273.79650879	    332.85731095	      0.16747662	      0.00000000	      0.00000000
  10581.86816406	    254.02233887	    333.52048421	      0.10853883	      0.00000000	      0.00000000
  11081.86816406	    235.32653809	    334.13683455	      0.06835862	      0.00000000	      0.00000000
  11581.86816406	    217.67178345	    334.77888957	      0.04197019	      0.00000000	      0.00000000
  12081.86816406	    201.02191162	    335.53320633	      0.02537580	      0.00000000	      0.00000000
  12581.86816406	    185.34411621	    336.55605335	      0.01539078	      0.00000000	      0.00000000
  13081.86816406	    170.61938477	    338.19725186	      0.00955674	      0.00000000	      0.00000000
  13581.86816406	    156.84701538	    341.15102450	      0.00636609	      0.00000000	      0.00000000
  14081.86816406	    144.02938843	    346.13386119	      0.00492002	      0.00000000	      0.00000000
  14581.86816406	    132.15037537	    353.17432632	      0.00448517	      0.00000000	      0.00000000
  15081.86816406	    121.18505859	    361.65139363	      0.00446997	      0.00000000	      0.00000000
  15581.86816406	    111.11707306	    371.09192966	      0.00460226	      0.00000000	      0.00000000
  16081.86816406	    101.91458130	    381.06206457	      0.00470273	      0.00000000	      0.00000000
  16581.86718750	     93.50840759	    391.06673164	      0.00472890	      0.00000000	      0.00000000
  17081.86718750	     85.81374359	    400.89194614	      0.00468863	      0.00000000	      0.00000000
  17581.86718750	     78.75543976	    410.96688492	      0.00459942	      0.00000000	      0.00000000
  18081.86718750	     72.28027344	    422.48753588	      0.00444793	      0.00000000	      0.00000000
  18581.86718750	     66.36739349	    437.01915471	      0.00416298	      0.00000000	      0.00000000
  19081.86718750	     60.99951172	    453.84101113	      0.00370333	      0.00000000	      0.00000000
  19581.86718750	     56.13307953	    471.04855375	      0.00310017	      0.00000000	      0.00000000
  20081.86718750	     51.70978165	    487.85879191	      0.00242859	      0.00000000	      0.00000000
  20590.05468750	     47.61292267	    504.53307373	      0.00177358	      0.00000000	      0.00000000
  21149.06054688	     43.51699829	    522.58782782	      0.00119357	      0.00000000	      0.00000000
  21763.96679688	     39.45198441	    542.38438749	      0.00082375	      0.00000000	      0.00000000
  22440.36328125	     35.45083618	    564.31353055	      0.00074087	      0.00000000	      0.00000000
  23184.40039062	     31.54899406	    588.66477623	      0.00074094	      0.00000000	      0.00000000
  24002.83984375	     27.78149986	    615.67520605	      0.00074010	      0.00000000	      0.00000000
  24903.12304688	     24.18221474	    645.77717702	      0.00073619	      0.00000000	      0.00000000
  25893.43554688	     20.78442001	    679.88192706	      0.00073539	      0.00000000	      0.00000000
  26982.77929688	     17.62157059	    719.03151767	      0.00073721	      0.00000000	      0.00000000
  10000.00,         64,    1009.32
     25.00000000	   1003.21057129	    295.24875314	     15.35534191	      0.00000000	      0.00000000
     75.00000000	    997.47515869	    295.12823893	     14.69201660	      0.00000000	      0.00000000
    127.84809875	    991.43676758	    295.33159497	     14.43659687	      0.00000000	      0.00000000
    186.71687317	    984.74499512	    295.56663574	     14.26093769	      0.00000000	      0.00000000
    252.29220581	    977.33422852	    295.82567013	     14.12129688	      0.00000000	      0.00000000
    325.33816528	    969.13281250	    296.09761381	     13.97995949	      0.00000000	      0.00000000
    406.70581055	    960.06298828	    296.39431144	     13.82706928	      0.00000000	      0.00000000
    497.34317017	    950.04107666	    296.72629198	     13.64580631	      0.00000000	      0.00000000
    598.30627441	    938.97778320	    297.10584320	     13.42746544	      0.00000000	      0.00000000
    710.77154541	    926.77862549	    297.54167759	     13.16216564	      0.00000000	      0.00000000
    836.04931641	    913.34387207	    298.03896632	     12.84795189	      0.00000000	      0.00000000
    975.59924316	    898.57049561	    298.60746310	     12.47950172	      0.00000000	      0.00000000
   1131.04724121	    882.35028076	    299.25565524	     12.05274105	      0.00000000	      0.00000000
   1304.20446777	    864.56628418	    299.98917628	     11.57360744	      0.00000000	      0.00000000
   1497.08850098	    845.09735107	    300.81560068	     11.04307747	      0.00000000	      0.00000000
   1711.94665527	    823.83020020	    301.73826124	     10.46588230	      0.00000000	      0.00000000
   1951.28234863	    800.66009521	    302.75724366	      9.84599686	      0.00000000	      0.00000000
   2217.88403320	    775.48541260	    303.91045133	      9.18815613	      0.00000000	      0.00000000
   2514.85815430	    748.21179199	    305.24154585	      8.49454975	      0.00000000	      0.00000000
   2845.66479492	    718.75933838	    306.75280264	      7.76383114	      0.00000000	      0.00000000
   3214.15820312	    687.06976318	    308.44621695	      6.98992157	      0.00000000	      0.00000000
   3624.63183594	    653.11724854	    310.33605566	      6.16962481	      0.00000000	      0.00000000
   4081.86840820	    616.92529297	    312.45267015	      5.31588650	      0.00000000	      0.00000000
   4581.86816406	    579.26837158	    314.83621611	      4.45142746	      0.00000000	      0.00000000
   5081.86816406	    543.54595947	    317.20824263	      3.67004490	      0.00000000	      0.00000000
   5581.86816406	    509.65557861	    319.48371046	      2.96255326	      0.00000000	      0.00000000
   6081.86816406	    477.49807739	    321.66318145	      2.31847739	      0.00000000	      0.00000000
   6581.86816406	    446.98922729	    323.71954696	      1.75622308	      0.00000000	      0.00000000
   7081.86816406	    418.06225586	    325.63470276	      1.30200076	      0.00000000	      0.00000000
   7581.86816406	    390.65118408	    327.31521463	      0.96477735	      0.00000000	      0.00000000
   8081.86816406	    364.68124390	    328.78299381	      0.71348566	      0.00000000	      0.00000000
   8581.86816406	    340.07647705	    330.06119625	      0.51846653	      0.00000000	      0.00000000
   9081.86816406	    316.76785278	    331.15579243	      0.36679322	      0.00000000	      0.00000000
   9581.86816406	    294.69381714	    332.08200032	      0.25158983	      0.00000000	      0.00000000
  10081.86816406	    273.79650879	    332.85731095	      0.16747662	      0.00000000	      0.00000000
  10581.86816406	    254.02233887	    333.52048421	      0.10853883	      0.00000000	      0.00000000
  11081.86816406	    235.32653809	    334.13683455	      0.06835862	      0.00000000	      0.00000000
  11581.86816406	    217.67178345	    334.77888957	      0.04197019	      0.00000000	      0.00000000
  12081.86816406	    201.02191162	    335.53320633	      0.02537580	      0.00000000	      0.00000000
  12581.86816406	    185.34411621	    336.55605335	      0.01539078	      0.00000000	      0.00000000
  13081.86816406	    170.61938477	    338.19725186	      0.00955674	      0.00000000	      0.00000000
  13581.86816406	    156.84701538	    341.15102450	      0.00636609	      0.00000000	      0.00000000
  14081.86816406	    144.02938843	    346.13386119	      0.00492002	      0.00000000	      0.00000000
  14581.86816406	    132.15037537	    353.17432632	      0.00448517	      0.00000000	      0.00000000
  15081.86816406	    121.18505859	    361.65139363	      0.00446997	      0.00000000	      0.00000000
  15581.86816406	    111.11707306	    371.09192966	      0.00460226	      0.00000000	      0.00000000
  16081.86816406	    101.91458130	    381.06206457	      0.00470273	      0.00000000	      0.00000000
  16581.86718750	     93.50840759	    391.06673164	      0.00472890	      0.00000000	      0.00000000
  17081.86718750	     85.81374359	    400.89194614	      0.00468863	      0.00000000	      0.00000000
  17581.86718750	     78.75543976	    410.96688492	      0.00459942	      0.00000000	      0.00000000
  18081.86718750	     72.28027344	    422.48753588	      0.00444793	      0.00000000	      0.00000000
  18581.86718750	     66.36739349	    437.01915471	      0.00416298	      0.00000000	      0.00000000
  19081.86718750	     60.99951172	    453.84101113	      0.00370333	      0.00000000	      0.00000000
  19581.86718750	     56.13307953	    471.04855375	      0.00310017	      0.00000000	      0.00000000
  20081.86718750	     51.70978165	    487.85879191	      0.00242859	      0.00000000	      0.00000000
  20590.05468750	     47.61292267	    504.53307373	      0.00177358	      0.00000000	      0.00000000
  21149.06054688	     43.51699829	    522.58782782	      0.00119357	      0.00000000	      0.00000000
  21763.96679688	     39.45198441	    542.38438749	      0.00082375	      0.00000000	      0.00000000
  22440.36328125	     35.45083618	    564.31353055	      0.00074087	      0.00000000	      0.00000000
  23184.40039062	     31.54899406	    588.66477623	      0.00074094	      0.00000000	      0.00000000
  24002.83984375	     27.78149986	    615.67520605	      0.00074010	      0.00000000	      0.00000000
  24903.12304688	     24.18221474	    645.77717702	      0.00073619	      0.00000000	      0.00000000
  25893.43554688	     20.78442001	    679.88192706	      0.00073539	      0.00000000	      0.00000000
  26982.77929688	     17.62157059	    719.03151767	      0.00073721	      0.00000000	      0.00000000
