      z[m]      p[mb]      tp[K]    q[g/kg]     u[m/s]     v[m/s]
      0.00,         64,    1009.32
     25.00000000	   1002.64422607	    297.75708411	     13.59407997	      0.00000000	      0.00000000
     75.00000000	    996.95367432	    297.66143738	     13.10909843	      0.00000000	      0.00000000
    127.84809875	    990.96142578	    297.64035379	     12.99199677	      0.00000000	      0.00000000
    186.71687317	    984.31622314	    297.63379488	     12.93654251	      0.00000000	      0.00000000
    252.29220581	    976.95117188	    297.63305770	     12.90149689	      0.00000000	      0.00000000
    325.33816528	    968.79357910	    297.63625713	     12.86794472	      0.00000000	      0.00000000
    406.70581055	    959.76428223	    297.64439931	     12.82771778	      0.00000000	      0.00000000
    497.34317017	    949.77770996	    297.66163783	     12.76758194	      0.00000000	      0.00000000
    598.30627441	    938.74200439	    297.69971359	     12.65948486	      0.00000000	      0.00000000
    710.77154541	    926.55981445	    297.79375503	     12.43129158	      0.00000000	      0.00000000
    836.04931641	    913.12969971	    298.03182229	     11.93406677	      0.00000000	      0.00000000
    975.59924316	    898.35064697	    298.56251883	     10.99435997	      0.00000000	      0.00000000
   1131.04724121	    882.12280273	    299.45234837	      9.68169403	      0.00000000	      0.00000000
   1304.20446777	    864.34197998	    300.64810176	      8.12618351	      0.00000000	      0.00000000
   1497.08850098	    844.89685059	    301.99984927	      6.45467424	      0.00000000	      0.00000000
   1711.94665527	    823.67437744	    303.30884332	      4.94186449	      0.00000000	      0.00000000
   1951.28234863	    800.56201172	    304.49438817	      3.88606024	      0.00000000	      0.00000000
   2217.88403320	    775.45007324	    305.61271494	      3.37355280	      0.00000000	      0.00000000
   2514.85815430	    748.23992920	    306.79793554	      3.18605232	      0.00000000	      0.00000000
   2845.66479492	    718.85137939	    308.18519792	      2.92110157	      0.00000000	      0.00000000
   3214.15820312	    687.22875977	    309.82687584	      2.41691780	      0.00000000	      0.00000000
   3624.63183594	    653.34790039	    311.66186873	      1.89797688	      0.00000000	      0.00000000
   4081.86840820	    617.22552490	    313.58072564	      1.58557832	      0.00000000	      0.00000000
   4581.86816406	    579.61260986	    315.49858096	      1.44271088	      0.00000000	      0.00000000
   5081.86816406	    543.88818359	    317.37280054	      1.29642928	      0.00000000	      0.00000000
   5581.86816406	    509.96743774	    319.41427353	      1.02700901	      0.00000000	      0.00000000
   6081.86816406	    477.77972412	    321.60177038	      0.71294922	      0.00000000	      0.00000000
   6581.86816406	    447.25244141	    323.64667774	      0.48107457	      0.00000000	      0.00000000
   7081.86816406	    418.30593872	    325.31921143	      0.35905543	      0.00000000	      0.00000000
   7581.86816406	    390.85760498	    326.65733600	      0.29895574	      0.00000000	      0.00000000
   8081.86816406	    364.82904053	    327.82362849	      0.25320867	      0.00000000	      0.00000000
   8581.86816406	    340.15072632	    328.89530936	      0.20589817	      0.00000000	      0.00000000
   9081.86816406	    316.76339722	    329.88582921	      0.15783334	      0.00000000	      0.00000000
   9581.86816406	    294.61349487	    330.79322918	      0.11457690	      0.00000000	      0.00000000
  10081.86816406	    273.64898682	    331.65445868	      0.08035097	      0.00000000	      0.00000000
  10581.86816406	    253.82196045	    332.53889479	      0.05491907	      0.00000000	      0.00000000
  11081.86816406	    235.09284973	    333.50351815	      0.03672820	      0.00000000	      0.00000000
  11581.86816406	    217.42750549	    334.58772273	      0.02452518	      0.00000000	      0.00000000
  12081.86816406	    200.79141235	    335.87892202	      0.01651945	      0.00000000	      0.00000000
  12581.86816406	    185.15321350	    337.56415154	      0.01125808	      0.00000000	      0.00000000
  13081.86816406	    170.49310303	    339.93796505	      0.00778907	      0.00000000	      0.00000000
  13581.86816406	    156.80024719	    343.33066866	      0.00563698	      0.00000000	      0.00000000
  14081.86816406	    144.05430603	    347.99955125	      0.00461012	      0.00000000	      0.00000000
  14581.86816406	    132.22013855	    354.18485045	      0.00426691	      0.00000000	      0.00000000
  15081.86816406	    121.27317047	    361.86697775	      0.00415533	      0.00000000	      0.00000000
  15581.86816406	    111.20245361	    370.54403273	      0.00420382	      0.00000000	      0.00000000
  16081.86816406	    101.97663879	    379.76983350	      0.00439536	      0.00000000	      0.00000000
  16581.86718750	     93.53766632	    389.76106479	      0.00456341	      0.00000000	      0.00000000
  17081.86718750	     85.82311249	    400.64352552	      0.00460840	      0.00000000	      0.00000000
  17581.86718750	     78.76877594	    412.02595297	      0.00455758	      0.00000000	      0.00000000
  18081.86718750	     72.31228638	    424.10958998	      0.00442259	      0.00000000	      0.00000000
  18581.86718750	     66.41622162	    438.24051274	      0.00415406	      0.00000000	      0.00000000
  19081.86718750	     61.05490112	    454.28274490	      0.00370463	      0.00000000	      0.00000000
  19581.86718750	     56.18761444	    471.20922363	      0.00309984	      0.00000000	      0.00000000
  20081.86718750	     51.76180649	    488.05023191	      0.00242106	      0.00000000	      0.00000000
  20590.05468750	     47.66225052	    504.70271218	      0.00175911	      0.00000000	      0.00000000
  21149.06054688	     43.56329727	    522.68618038	      0.00117830	      0.00000000	      0.00000000
  21763.96679688	     39.49512100	    542.48658112	      0.00081722	      0.00000000	      0.00000000
  22440.36328125	     35.49084854	    564.38400575	      0.00074550	      0.00000000	      0.00000000
  23184.40039062	     31.58555603	    588.66107986	      0.00074532	      0.00000000	      0.00000000
  24002.83984375	     27.81441689	    615.67556772	      0.00074294	      0.00000000	      0.00000000
  24903.12304688	     24.21160316	    645.77611664	      0.00073754	      0.00000000	      0.00000000
  25893.43554688	     20.81011581	    679.75470776	      0.00073683	      0.00000000	      0.00000000
  26982.77929688	     17.64356422	    718.87633595	      0.00074055	      0.00000000	      0.00000000
  10000.00,         64,    1009.32
     25.00000000	   1002.64422607	    297.75708411	     13.59407997	      0.00000000	      0.00000000
     75.00000000	    996.95367432	    297.66143738	     13.10909843	      0.00000000	      0.00000000
    127.84809875	    990.96142578	    297.64035379	     12.99199677	      0.00000000	      0.00000000
    186.71687317	    984.31622314	    297.63379488	     12.93654251	      0.00000000	      0.00000000
    252.29220581	    976.95117188	    297.63305770	     12.90149689	      0.00000000	      0.00000000
    325.33816528	    968.79357910	    297.63625713	     12.86794472	      0.00000000	      0.00000000
    406.70581055	    959.76428223	    297.64439931	     12.82771778	      0.00000000	      0.00000000
    497.34317017	    949.77770996	    297.66163783	     12.76758194	      0.00000000	      0.00000000
    598.30627441	    938.74200439	    297.69971359	     12.65948486	      0.00000000	      0.00000000
    710.77154541	    926.55981445	    297.79375503	     12.43129158	      0.00000000	      0.00000000
    836.04931641	    913.12969971	    298.03182229	     11.93406677	      0.00000000	      0.00000000
    975.59924316	    898.35064697	    298.56251883	     10.99435997	      0.00000000	      0.00000000
   1131.04724121	    882.12280273	    299.45234837	      9.68169403	      0.00000000	      0.00000000
   1304.20446777	    864.34197998	    300.64810176	      8.12618351	      0.00000000	      0.00000000
   1497.08850098	    844.89685059	    301.99984927	      6.45467424	      0.00000000	      0.00000000
   1711.94665527	    823.67437744	    303.30884332	      4.94186449	      0.00000000	      0.00000000
   1951.28234863	    800.56201172	    304.49438817	      3.88606024	      0.00000000	      0.00000000
   2217.88403320	    775.45007324	    305.61271494	      3.37355280	      0.00000000	      0.00000000
   2514.85815430	    748.23992920	    306.79793554	      3.18605232	      0.00000000	      0.00000000
   2845.66479492	    718.85137939	    308.18519792	      2.92110157	      0.00000000	      0.00000000
   3214.15820312	    687.22875977	    309.82687584	      2.41691780	      0.00000000	      0.00000000
   3624.63183594	    653.34790039	    311.66186873	      1.89797688	      0.00000000	      0.00000000
   4081.86840820	    617.22552490	    313.58072564	      1.58557832	      0.00000000	      0.00000000
   4581.86816406	    579.61260986	    315.49858096	      1.44271088	      0.00000000	      0.00000000
   5081.86816406	    543.88818359	    317.37280054	      1.29642928	      0.00000000	      0.00000000
   5581.86816406	    509.96743774	    319.41427353	      1.02700901	      0.00000000	      0.00000000
   6081.86816406	    477.77972412	    321.60177038	      0.71294922	      0.00000000	      0.00000000
   6581.86816406	    447.25244141	    323.64667774	      0.48107457	      0.00000000	      0.00000000
   7081.86816406	    418.30593872	    325.31921143	      0.35905543	      0.00000000	      0.00000000
   7581.86816406	    390.85760498	    326.65733600	      0.29895574	      0.00000000	      0.00000000
   8081.86816406	    364.82904053	    327.82362849	      0.25320867	      0.00000000	      0.00000000
   8581.86816406	    340.15072632	    328.89530936	      0.20589817	      0.00000000	      0.00000000
   9081.86816406	    316.76339722	    329.88582921	      0.15783334	      0.00000000	      0.00000000
   9581.86816406	    294.61349487	    330.79322918	      0.11457690	      0.00000000	      0.00000000
  10081.86816406	    273.64898682	    331.65445868	      0.08035097	      0.00000000	      0.00000000
  10581.86816406	    253.82196045	    332.53889479	      0.05491907	      0.00000000	      0.00000000
  11081.86816406	    235.09284973	    333.50351815	      0.03672820	      0.00000000	      0.00000000
  11581.86816406	    217.42750549	    334.58772273	      0.02452518	      0.00000000	      0.00000000
  12081.86816406	    200.79141235	    335.87892202	      0.01651945	      0.00000000	      0.00000000
  12581.86816406	    185.15321350	    337.56415154	      0.01125808	      0.00000000	      0.00000000
  13081.86816406	    170.49310303	    339.93796505	      0.00778907	      0.00000000	      0.00000000
  13581.86816406	    156.80024719	    343.33066866	      0.00563698	      0.00000000	      0.00000000
  14081.86816406	    144.05430603	    347.99955125	      0.00461012	      0.00000000	      0.00000000
  14581.86816406	    132.22013855	    354.18485045	      0.00426691	      0.00000000	      0.00000000
  15081.86816406	    121.27317047	    361.86697775	      0.00415533	      0.00000000	      0.00000000
  15581.86816406	    111.20245361	    370.54403273	      0.00420382	      0.00000000	      0.00000000
  16081.86816406	    101.97663879	    379.76983350	      0.00439536	      0.00000000	      0.00000000
  16581.86718750	     93.53766632	    389.76106479	      0.00456341	      0.00000000	      0.00000000
  17081.86718750	     85.82311249	    400.64352552	      0.00460840	      0.00000000	      0.00000000
  17581.86718750	     78.76877594	    412.02595297	      0.00455758	      0.00000000	      0.00000000
  18081.86718750	     72.31228638	    424.10958998	      0.00442259	      0.00000000	      0.00000000
  18581.86718750	     66.41622162	    438.24051274	      0.00415406	      0.00000000	      0.00000000
  19081.86718750	     61.05490112	    454.28274490	      0.00370463	      0.00000000	      0.00000000
  19581.86718750	     56.18761444	    471.20922363	      0.00309984	      0.00000000	      0.00000000
  20081.86718750	     51.76180649	    488.05023191	      0.00242106	      0.00000000	      0.00000000
  20590.05468750	     47.66225052	    504.70271218	      0.00175911	      0.00000000	      0.00000000
  21149.06054688	     43.56329727	    522.68618038	      0.00117830	      0.00000000	      0.00000000
  21763.96679688	     39.49512100	    542.48658112	      0.00081722	      0.00000000	      0.00000000
  22440.36328125	     35.49084854	    564.38400575	      0.00074550	      0.00000000	      0.00000000
  23184.40039062	     31.58555603	    588.66107986	      0.00074532	      0.00000000	      0.00000000
  24002.83984375	     27.81441689	    615.67556772	      0.00074294	      0.00000000	      0.00000000
  24903.12304688	     24.21160316	    645.77611664	      0.00073754	      0.00000000	      0.00000000
  25893.43554688	     20.81011581	    679.75470776	      0.00073683	      0.00000000	      0.00000000
  26982.77929688	     17.64356422	    718.87633595	      0.00074055	      0.00000000	      0.00000000
