      z[m]      p[mb]      tp[K]    q[g/kg]     u[m/s]     v[m/s]
      0.00,         64,    1009.32
     25.00000000	   1002.33068848	    297.71959936	     10.30007935	      0.00000000	      0.00000000
     75.00000000	    996.63024902	    297.65009862	      9.59391975	      0.00000000	      0.00000000
    127.84809875	    990.62835693	    297.68933641	      9.52051067	      0.00000000	      0.00000000
    186.71687317	    983.97357178	    297.71753322	      9.42608643	      0.00000000	      0.00000000
    252.29220581	    976.59881592	    297.75362318	      9.33673191	      0.00000000	      0.00000000
    325.33816528	    968.43103027	    297.80765050	      9.15234661	      0.00000000	      0.00000000
    406.70581055	    959.39123535	    297.89269236	      8.86631680	      0.00000000	      0.00000000
    497.34317017	    949.39428711	    298.02995953	      8.44855881	      0.00000000	      0.00000000
    598.30627441	    938.35009766	    298.31724320	      7.59414864	      0.00000000	      0.00000000
    710.77154541	    926.16644287	    298.98577263	      5.80030966	      0.00000000	      0.00000000
    836.04931641	    912.75366211	    300.25098134	      2.98525047	      0.00000000	      0.00000000
    975.59924316	    898.02429199	    301.67734991	      1.02555394	      0.00000000	      0.00000000
   1131.04724121	    881.87030029	    302.43474388	      0.79045403	      0.00000000	      0.00000000
   1304.20446777	    864.16143799	    303.06676640	      0.94335961	      0.00000000	      0.00000000
   1497.08850098	    844.77874756	    303.91734692	      1.36583853	      0.00000000	      0.00000000
   1711.94665527	    823.61804199	    304.81748956	      1.87243903	      0.00000000	      0.00000000
   1951.28234863	    800.56945801	    305.65396043	      2.02994490	      0.00000000	      0.00000000
   2217.88403320	    775.51654053	    306.55004961	      1.81609511	      0.00000000	      0.00000000
   2514.85815430	    748.35266113	    307.60655047	      1.40973568	      0.00000000	      0.00000000
   2845.66479492	    718.98870850	    308.76245442	      1.05808163	      0.00000000	      0.00000000
   3214.15820312	    687.36761475	    310.24525205	      0.78300321	      0.00000000	      0.00000000
   3624.63183594	    653.47375488	    311.99207806	      0.57908952	      0.00000000	      0.00000000
   4081.86840820	    617.33215332	    313.93812822	      0.42523023	      0.00000000	      0.00000000
   4581.86816406	    579.70983887	    315.96703283	      0.33547094	      0.00000000	      0.00000000
   5081.86816406	    543.98797607	    317.78341548	      0.35390723	      0.00000000	      0.00000000
   5581.86816406	    510.06188965	    319.67645194	      0.32763079	      0.00000000	      0.00000000
   6081.86816406	    477.85211182	    321.88009110	      0.22913259	      0.00000000	      0.00000000
   6581.86816406	    447.31042480	    324.31021452	      0.18933272	      0.00000000	      0.00000000
   7081.86816406	    418.38485718	    326.33662286	      0.20288558	      0.00000000	      0.00000000
   7581.86816406	    390.98181152	    327.66800778	      0.21207781	      0.00000000	      0.00000000
   8081.86816406	    364.99172974	    328.59516677	      0.19417429	      0.00000000	      0.00000000
   8581.86816406	    340.33160400	    329.44491123	      0.16335785	      0.00000000	      0.00000000
   9081.86816406	    316.94845581	    330.29392870	      0.13281453	      0.00000000	      0.00000000
   9581.86816406	    294.79656982	    331.08050399	      0.10265867	      0.00000000	      0.00000000
  10081.86816406	    273.82769775	    331.87928806	      0.07360078	      0.00000000	      0.00000000
  10581.86816406	    253.99049377	    332.55236201	      0.05476334	      0.00000000	      0.00000000
  11081.86816406	    235.23870850	    333.22871884	      0.03974709	      0.00000000	      0.00000000
  11581.86816406	    217.54096985	    334.19151961	      0.02655461	      0.00000000	      0.00000000
  12081.86816406	    200.87088013	    335.53354737	      0.01683288	      0.00000000	      0.00000000
  12581.86816406	    185.20294189	    337.27014071	      0.01112238	      0.00000000	      0.00000000
  13081.86816406	    170.53312683	    340.10373904	      0.00808208	      0.00000000	      0.00000000
  13581.86816406	    156.87477112	    344.65876573	      0.00616361	      0.00000000	      0.00000000
  14081.86816406	    144.19665527	    350.10394986	      0.00532909	      0.00000000	      0.00000000
  14581.86816406	    132.39024353	    354.42603674	      0.00511265	      0.00000000	      0.00000000
  15081.86816406	    121.37795258	    358.79825682	      0.00434351	      0.00000000	      0.00000000
  15581.86816406	    111.18892670	    365.64392397	      0.00378237	      0.00000000	      0.00000000
  16081.86816406	    101.87857056	    377.16131712	      0.00419117	      0.00000000	      0.00000000
  16581.86718750	     93.39739990	    387.63650245	      0.00438173	      0.00000000	      0.00000000
  17081.86718750	     85.64935303	    398.69476786	      0.00458887	      0.00000000	      0.00000000
  17581.86718750	     78.55645752	    408.50010253	      0.00466568	      0.00000000	      0.00000000
  18081.86718750	     72.07326508	    422.17782272	      0.00451530	      0.00000000	      0.00000000
  18581.86718750	     66.19786835	    440.57071030	      0.00415845	      0.00000000	      0.00000000
  19081.86718750	     60.87928772	    456.74141400	      0.00369652	      0.00000000	      0.00000000
  19581.86718750	     56.04301453	    472.70317978	      0.00308677	      0.00000000	      0.00000000
  20081.86718750	     51.63859940	    489.51048797	      0.00237936	      0.00000000	      0.00000000
  20590.05468750	     47.55821609	    506.11927071	      0.00170992	      0.00000000	      0.00000000
  21149.06054688	     43.47620392	    523.70385033	      0.00114211	      0.00000000	      0.00000000
  21763.96679688	     39.42153549	    543.21111207	      0.00079921	      0.00000000	      0.00000000
  22440.36328125	     35.42897034	    565.21798253	      0.00074237	      0.00000000	      0.00000000
  23184.40039062	     31.53425407	    589.34688523	      0.00074264	      0.00000000	      0.00000000
  24002.83984375	     27.77205849	    616.29306103	      0.00074183	      0.00000000	      0.00000000
  24903.12304688	     24.17705154	    646.35928510	      0.00073768	      0.00000000	      0.00000000
  25893.43554688	     20.78234291	    680.32923434	      0.00073678	      0.00000000	      0.00000000
  26982.77929688	     17.62155914	    719.48463203	      0.00074058	      0.00000000	      0.00000000
  10000.00,         64,    1009.32
     25.00000000	   1002.33068848	    297.71959936	     10.30007935	      0.00000000	      0.00000000
     75.00000000	    996.63024902	    297.65009862	      9.59391975	      0.00000000	      0.00000000
    127.84809875	    990.62835693	    297.68933641	      9.52051067	      0.00000000	      0.00000000
    186.71687317	    983.97357178	    297.71753322	      9.42608643	      0.00000000	      0.00000000
    252.29220581	    976.59881592	    297.75362318	      9.33673191	      0.00000000	      0.00000000
    325.33816528	    968.43103027	    297.80765050	      9.15234661	      0.00000000	      0.00000000
    406.70581055	    959.39123535	    297.89269236	      8.86631680	      0.00000000	      0.00000000
    497.34317017	    949.39428711	    298.02995953	      8.44855881	      0.00000000	      0.00000000
    598.30627441	    938.35009766	    298.31724320	      7.59414864	      0.00000000	      0.00000000
    710.77154541	    926.16644287	    298.98577263	      5.80030966	      0.00000000	      0.00000000
    836.04931641	    912.75366211	    300.25098134	      2.98525047	      0.00000000	      0.00000000
    975.59924316	    898.02429199	    301.67734991	      1.02555394	      0.00000000	      0.00000000
   1131.04724121	    881.87030029	    302.43474388	      0.79045403	      0.00000000	      0.00000000
   1304.20446777	    864.16143799	    303.06676640	      0.94335961	      0.00000000	      0.00000000
   1497.08850098	    844.77874756	    303.91734692	      1.36583853	      0.00000000	      0.00000000
   1711.94665527	    823.61804199	    304.81748956	      1.87243903	      0.00000000	      0.00000000
   1951.28234863	    800.56945801	    305.65396043	      2.02994490	      0.00000000	      0.00000000
   2217.88403320	    775.51654053	    306.55004961	      1.81609511	      0.00000000	      0.00000000
   2514.85815430	    748.35266113	    307.60655047	      1.40973568	      0.00000000	      0.00000000
   2845.66479492	    718.98870850	    308.76245442	      1.05808163	      0.00000000	      0.00000000
   3214.15820312	    687.36761475	    310.24525205	      0.78300321	      0.00000000	      0.00000000
   3624.63183594	    653.47375488	    311.99207806	      0.57908952	      0.00000000	      0.00000000
   4081.86840820	    617.33215332	    313.93812822	      0.42523023	      0.00000000	      0.00000000
   4581.86816406	    579.70983887	    315.96703283	      0.33547094	      0.00000000	      0.00000000
   5081.86816406	    543.98797607	    317.78341548	      0.35390723	      0.00000000	      0.00000000
   5581.86816406	    510.06188965	    319.67645194	      0.32763079	      0.00000000	      0.00000000
   6081.86816406	    477.85211182	    321.88009110	      0.22913259	      0.00000000	      0.00000000
   6581.86816406	    447.31042480	    324.31021452	      0.18933272	      0.00000000	      0.00000000
   7081.86816406	    418.38485718	    326.33662286	      0.20288558	      0.00000000	      0.00000000
   7581.86816406	    390.98181152	    327.66800778	      0.21207781	      0.00000000	      0.00000000
   8081.86816406	    364.99172974	    328.59516677	      0.19417429	      0.00000000	      0.00000000
   8581.86816406	    340.33160400	    329.44491123	      0.16335785	      0.00000000	      0.00000000
   9081.86816406	    316.94845581	    330.29392870	      0.13281453	      0.00000000	      0.00000000
   9581.86816406	    294.79656982	    331.08050399	      0.10265867	      0.00000000	      0.00000000
  10081.86816406	    273.82769775	    331.87928806	      0.07360078	      0.00000000	      0.00000000
  10581.86816406	    253.99049377	    332.55236201	      0.05476334	      0.00000000	      0.00000000
  11081.86816406	    235.23870850	    333.22871884	      0.03974709	      0.00000000	      0.00000000
  11581.86816406	    217.54096985	    334.19151961	      0.02655461	      0.00000000	      0.00000000
  12081.86816406	    200.87088013	    335.53354737	      0.01683288	      0.00000000	      0.00000000
  12581.86816406	    185.20294189	    337.27014071	      0.01112238	      0.00000000	      0.00000000
  13081.86816406	    170.53312683	    340.10373904	      0.00808208	      0.00000000	      0.00000000
  13581.86816406	    156.87477112	    344.65876573	      0.00616361	      0.00000000	      0.00000000
  14081.86816406	    144.19665527	    350.10394986	      0.00532909	      0.00000000	      0.00000000
  14581.86816406	    132.39024353	    354.42603674	      0.00511265	      0.00000000	      0.00000000
  15081.86816406	    121.37795258	    358.79825682	      0.00434351	      0.00000000	      0.00000000
  15581.86816406	    111.18892670	    365.64392397	      0.00378237	      0.00000000	      0.00000000
  16081.86816406	    101.87857056	    377.16131712	      0.00419117	      0.00000000	      0.00000000
  16581.86718750	     93.39739990	    387.63650245	      0.00438173	      0.00000000	      0.00000000
  17081.86718750	     85.64935303	    398.69476786	      0.00458887	      0.00000000	      0.00000000
  17581.86718750	     78.55645752	    408.50010253	      0.00466568	      0.00000000	      0.00000000
  18081.86718750	     72.07326508	    422.17782272	      0.00451530	      0.00000000	      0.00000000
  18581.86718750	     66.19786835	    440.57071030	      0.00415845	      0.00000000	      0.00000000
  19081.86718750	     60.87928772	    456.74141400	      0.00369652	      0.00000000	      0.00000000
  19581.86718750	     56.04301453	    472.70317978	      0.00308677	      0.00000000	      0.00000000
  20081.86718750	     51.63859940	    489.51048797	      0.00237936	      0.00000000	      0.00000000
  20590.05468750	     47.55821609	    506.11927071	      0.00170992	      0.00000000	      0.00000000
  21149.06054688	     43.47620392	    523.70385033	      0.00114211	      0.00000000	      0.00000000
  21763.96679688	     39.42153549	    543.21111207	      0.00079921	      0.00000000	      0.00000000
  22440.36328125	     35.42897034	    565.21798253	      0.00074237	      0.00000000	      0.00000000
  23184.40039062	     31.53425407	    589.34688523	      0.00074264	      0.00000000	      0.00000000
  24002.83984375	     27.77205849	    616.29306103	      0.00074183	      0.00000000	      0.00000000
  24903.12304688	     24.17705154	    646.35928510	      0.00073768	      0.00000000	      0.00000000
  25893.43554688	     20.78234291	    680.32923434	      0.00073678	      0.00000000	      0.00000000
  26982.77929688	     17.62155914	    719.48463203	      0.00074058	      0.00000000	      0.00000000
