      z[m]      p[mb]      tp[K]    q[g/kg]     u[m/s]     v[m/s]
      0.00,         64,    1009.32
     25.00000000	   1003.13928223	    295.85803075	     15.25170326	      0.00000000	      0.00000000
     75.00000000	    997.41699219	    295.73803755	     14.56854153	      0.00000000	      0.00000000
    127.84809875	    991.39190674	    295.88606192	     14.30355453	      0.00000000	      0.00000000
    186.71687317	    984.71380615	    296.07479676	     14.13188934	      0.00000000	      0.00000000
    252.29220581	    977.31695557	    296.28747572	     13.98786736	      0.00000000	      0.00000000
    325.33816528	    969.12957764	    296.51439751	     13.83564472	      0.00000000	      0.00000000
    406.70581055	    960.07373047	    296.76488474	     13.65806675	      0.00000000	      0.00000000
    497.34317017	    950.06549072	    297.04834229	     13.43957233	      0.00000000	      0.00000000
    598.30627441	    939.01513672	    297.37688622	     13.17300797	      0.00000000	      0.00000000
    710.77154541	    926.82763672	    297.76004872	     12.85289192	      0.00000000	      0.00000000
    836.04931641	    913.40307617	    298.20547016	     12.47842216	      0.00000000	      0.00000000
    975.59924316	    898.63818359	    298.72399378	     12.05159760	      0.00000000	      0.00000000
   1131.04724121	    882.42480469	    299.32952194	     11.57459450	      0.00000000	      0.00000000
   1304.20446777	    864.64648438	    300.03192917	     11.04979515	      0.00000000	      0.00000000
   1497.08850098	    845.18237305	    300.84169526	     10.48172760	      0.00000000	      0.00000000
   1711.94665527	    823.91986084	    301.75851835	      9.87934685	      0.00000000	      0.00000000
   1951.28234863	    800.75463867	    302.78051415	      9.25021362	      0.00000000	      0.00000000
   2217.88403320	    775.58532715	    303.91740229	      8.60161591	      0.00000000	      0.00000000
   2514.85815430	    748.31597900	    305.20831027	      7.93090820	      0.00000000	      0.00000000
   2845.66479492	    718.86505127	    306.67632445	      7.22070932	      0.00000000	      0.00000000
   3214.15820312	    687.17346191	    308.33999451	      6.46122646	      0.00000000	      0.00000000
   3624.63183594	    653.21508789	    310.20846709	      5.65802670	      0.00000000	      0.00000000
   4081.86840820	    617.01336670	    312.31621032	      4.83213615	      0.00000000	      0.00000000
   4581.86816406	    579.34387207	    314.67756415	      4.03211927	      0.00000000	      0.00000000
   5081.86816406	    543.60766602	    317.02176967	      3.34030128	      0.00000000	      0.00000000
   5581.86816406	    509.70443726	    319.29103086	      2.71560550	      0.00000000	      0.00000000
   6081.86816406	    477.53543091	    321.46516805	      2.12909293	      0.00000000	      0.00000000
   6581.86816406	    447.01553345	    323.50885085	      1.60804033	      0.00000000	      0.00000000
   7081.86816406	    418.07727051	    325.40244958	      1.19101369	      0.00000000	      0.00000000
   7581.86816406	    390.65487671	    327.06856191	      0.88918781	      0.00000000	      0.00000000
   8081.86816406	    364.67443848	    328.53921780	      0.66432011	      0.00000000	      0.00000000
   8581.86816406	    340.06054688	    329.82359196	      0.48804700	      0.00000000	      0.00000000
   9081.86816406	    316.74444580	    330.93098901	      0.34820428	      0.00000000	      0.00000000
   9581.86816406	    294.66409302	    331.85968772	      0.23935606	      0.00000000	      0.00000000
  10081.86816406	    273.76071167	    332.62908223	      0.15910004	      0.00000000	      0.00000000
  10581.86816406	    253.98034668	    333.29383920	      0.10308643	      0.00000000	      0.00000000
  11081.86816406	    235.27862549	    333.92469887	      0.06521651	      0.00000000	      0.00000000
  11581.86816406	    217.61888123	    334.59761744	      0.04025549	      0.00000000	      0.00000000
  12081.86816406	    200.96577454	    335.39635267	      0.02446032	      0.00000000	      0.00000000
  12581.86816406	    185.28762817	    336.49495583	      0.01491292	      0.00000000	      0.00000000
  13081.86816406	    170.56799316	    338.31317593	      0.00933228	      0.00000000	      0.00000000
  13581.86816406	    156.80917358	    341.55372000	      0.00627828	      0.00000000	      0.00000000
  14081.86816406	    144.01139832	    346.71237071	      0.00489749	      0.00000000	      0.00000000
  14581.86816406	    132.15043640	    353.66018712	      0.00446422	      0.00000000	      0.00000000
  15081.86816406	    121.19558716	    361.91164646	      0.00443292	      0.00000000	      0.00000000
  15581.86816406	    111.12985992	    371.07340576	      0.00454793	      0.00000000	      0.00000000
  16081.86816406	    101.92312622	    380.80324942	      0.00464986	      0.00000000	      0.00000000
  16581.86718750	     93.51027679	    390.76598385	      0.00468932	      0.00000000	      0.00000000
  17081.86718750	     85.81045532	    400.66328253	      0.00466859	      0.00000000	      0.00000000
  17581.86718750	     78.74937439	    410.82618342	      0.00459739	      0.00000000	      0.00000000
  18081.86718750	     72.27346802	    422.47697853	      0.00445034	      0.00000000	      0.00000000
  18581.86718750	     66.36119843	    437.06604594	      0.00416260	      0.00000000	      0.00000000
  19081.86718750	     60.99425507	    453.89462004	      0.00370169	      0.00000000	      0.00000000
  19581.86718750	     56.12863159	    471.08769223	      0.00309852	      0.00000000	      0.00000000
  20081.86718750	     51.70596695	    487.89231715	      0.00242622	      0.00000000	      0.00000000
  20590.05468750	     47.60963821	    504.55570600	      0.00177150	      0.00000000	      0.00000000
  21149.06054688	     43.51409912	    522.59381483	      0.00119290	      0.00000000	      0.00000000
  21763.96679688	     39.44932938	    542.37981781	      0.00082361	      0.00000000	      0.00000000
  22440.36328125	     35.44835663	    564.30720374	      0.00074055	      0.00000000	      0.00000000
  23184.40039062	     31.54668617	    588.65943232	      0.00074060	      0.00000000	      0.00000000
  24002.83984375	     27.77937317	    615.66942943	      0.00073986	      0.00000000	      0.00000000
  24903.12304688	     24.18027687	    645.77504338	      0.00073611	      0.00000000	      0.00000000
  25893.43554688	     20.78269577	    679.88475740	      0.00073529	      0.00000000	      0.00000000
  26982.77929688	     17.62006187	    719.03556275	      0.00073703	      0.00000000	      0.00000000
  10000.00,         64,    1009.32
     25.00000000	   1003.13928223	    295.85803075	     15.25170326	      0.00000000	      0.00000000
     75.00000000	    997.41699219	    295.73803755	     14.56854153	      0.00000000	      0.00000000
    127.84809875	    991.39190674	    295.88606192	     14.30355453	      0.00000000	      0.00000000
    186.71687317	    984.71380615	    296.07479676	     14.13188934	      0.00000000	      0.00000000
    252.29220581	    977.31695557	    296.28747572	     13.98786736	      0.00000000	      0.00000000
    325.33816528	    969.12957764	    296.51439751	     13.83564472	      0.00000000	      0.00000000
    406.70581055	    960.07373047	    296.76488474	     13.65806675	      0.00000000	      0.00000000
    497.34317017	    950.06549072	    297.04834229	     13.43957233	      0.00000000	      0.00000000
    598.30627441	    939.01513672	    297.37688622	     13.17300797	      0.00000000	      0.00000000
    710.77154541	    926.82763672	    297.76004872	     12.85289192	      0.00000000	      0.00000000
    836.04931641	    913.40307617	    298.20547016	     12.47842216	      0.00000000	      0.00000000
    975.59924316	    898.63818359	    298.72399378	     12.05159760	      0.00000000	      0.00000000
   1131.04724121	    882.42480469	    299.32952194	     11.57459450	      0.00000000	      0.00000000
   1304.20446777	    864.64648438	    300.03192917	     11.04979515	      0.00000000	      0.00000000
   1497.08850098	    845.18237305	    300.84169526	     10.48172760	      0.00000000	      0.00000000
   1711.94665527	    823.91986084	    301.75851835	      9.87934685	      0.00000000	      0.00000000
   1951.28234863	    800.75463867	    302.78051415	      9.25021362	      0.00000000	      0.00000000
   2217.88403320	    775.58532715	    303.91740229	      8.60161591	      0.00000000	      0.00000000
   2514.85815430	    748.31597900	    305.20831027	      7.93090820	      0.00000000	      0.00000000
   2845.66479492	    718.86505127	    306.67632445	      7.22070932	      0.00000000	      0.00000000
   3214.15820312	    687.17346191	    308.33999451	      6.46122646	      0.00000000	      0.00000000
   3624.63183594	    653.21508789	    310.20846709	      5.65802670	      0.00000000	      0.00000000
   4081.86840820	    617.01336670	    312.31621032	      4.83213615	      0.00000000	      0.00000000
   4581.86816406	    579.34387207	    314.67756415	      4.03211927	      0.00000000	      0.00000000
   5081.86816406	    543.60766602	    317.02176967	      3.34030128	      0.00000000	      0.00000000
   5581.86816406	    509.70443726	    319.29103086	      2.71560550	      0.00000000	      0.00000000
   6081.86816406	    477.53543091	    321.46516805	      2.12909293	      0.00000000	      0.00000000
   6581.86816406	    447.01553345	    323.50885085	      1.60804033	      0.00000000	      0.00000000
   7081.86816406	    418.07727051	    325.40244958	      1.19101369	      0.00000000	      0.00000000
   7581.86816406	    390.65487671	    327.06856191	      0.88918781	      0.00000000	      0.00000000
   8081.86816406	    364.67443848	    328.53921780	      0.66432011	      0.00000000	      0.00000000
   8581.86816406	    340.06054688	    329.82359196	      0.48804700	      0.00000000	      0.00000000
   9081.86816406	    316.74444580	    330.93098901	      0.34820428	      0.00000000	      0.00000000
   9581.86816406	    294.66409302	    331.85968772	      0.23935606	      0.00000000	      0.00000000
  10081.86816406	    273.76071167	    332.62908223	      0.15910004	      0.00000000	      0.00000000
  10581.86816406	    253.98034668	    333.29383920	      0.10308643	      0.00000000	      0.00000000
  11081.86816406	    235.27862549	    333.92469887	      0.06521651	      0.00000000	      0.00000000
  11581.86816406	    217.61888123	    334.59761744	      0.04025549	      0.00000000	      0.00000000
  12081.86816406	    200.96577454	    335.39635267	      0.02446032	      0.00000000	      0.00000000
  12581.86816406	    185.28762817	    336.49495583	      0.01491292	      0.00000000	      0.00000000
  13081.86816406	    170.56799316	    338.31317593	      0.00933228	      0.00000000	      0.00000000
  13581.86816406	    156.80917358	    341.55372000	      0.00627828	      0.00000000	      0.00000000
  14081.86816406	    144.01139832	    346.71237071	      0.00489749	      0.00000000	      0.00000000
  14581.86816406	    132.15043640	    353.66018712	      0.00446422	      0.00000000	      0.00000000
  15081.86816406	    121.19558716	    361.91164646	      0.00443292	      0.00000000	      0.00000000
  15581.86816406	    111.12985992	    371.07340576	      0.00454793	      0.00000000	      0.00000000
  16081.86816406	    101.92312622	    380.80324942	      0.00464986	      0.00000000	      0.00000000
  16581.86718750	     93.51027679	    390.76598385	      0.00468932	      0.00000000	      0.00000000
  17081.86718750	     85.81045532	    400.66328253	      0.00466859	      0.00000000	      0.00000000
  17581.86718750	     78.74937439	    410.82618342	      0.00459739	      0.00000000	      0.00000000
  18081.86718750	     72.27346802	    422.47697853	      0.00445034	      0.00000000	      0.00000000
  18581.86718750	     66.36119843	    437.06604594	      0.00416260	      0.00000000	      0.00000000
  19081.86718750	     60.99425507	    453.89462004	      0.00370169	      0.00000000	      0.00000000
  19581.86718750	     56.12863159	    471.08769223	      0.00309852	      0.00000000	      0.00000000
  20081.86718750	     51.70596695	    487.89231715	      0.00242622	      0.00000000	      0.00000000
  20590.05468750	     47.60963821	    504.55570600	      0.00177150	      0.00000000	      0.00000000
  21149.06054688	     43.51409912	    522.59381483	      0.00119290	      0.00000000	      0.00000000
  21763.96679688	     39.44932938	    542.37981781	      0.00082361	      0.00000000	      0.00000000
  22440.36328125	     35.44835663	    564.30720374	      0.00074055	      0.00000000	      0.00000000
  23184.40039062	     31.54668617	    588.65943232	      0.00074060	      0.00000000	      0.00000000
  24002.83984375	     27.77937317	    615.66942943	      0.00073986	      0.00000000	      0.00000000
  24903.12304688	     24.18027687	    645.77504338	      0.00073611	      0.00000000	      0.00000000
  25893.43554688	     20.78269577	    679.88475740	      0.00073529	      0.00000000	      0.00000000
  26982.77929688	     17.62006187	    719.03556275	      0.00073703	      0.00000000	      0.00000000
