      z[m]      p[mb]      tp[K]    q[g/kg]     u[m/s]     v[m/s]
      0.00,         64,    1009.32
     25.00000000	   1002.44830322	    297.57448107	     14.90556812	      0.00000000	      0.00000000
     75.00000000	    996.75903320	    297.47818717	     14.39583206	      0.00000000	      0.00000000
    127.84809875	    990.76843262	    297.48722675	     14.24364471	      0.00000000	      0.00000000
    186.71687317	    984.12561035	    297.51767938	     14.15102959	      0.00000000	      0.00000000
    252.29220581	    976.76403809	    297.55811052	     14.07139015	      0.00000000	      0.00000000
    325.33816528	    968.61120605	    297.60799074	     13.97974682	      0.00000000	      0.00000000
    406.70581055	    959.58831787	    297.67315944	     13.85840130	      0.00000000	      0.00000000
    497.34317017	    949.61035156	    297.76793920	     13.67636585	      0.00000000	      0.00000000
    598.30627441	    938.58679199	    297.92320327	     13.38135147	      0.00000000	      0.00000000
    710.77154541	    926.42224121	    298.19407570	     12.90088081	      0.00000000	      0.00000000
    836.04931641	    913.01794434	    298.62483641	     12.24260616	      0.00000000	      0.00000000
    975.59924316	    898.27349854	    299.19712888	     11.53783035	      0.00000000	      0.00000000
   1131.04724121	    882.08355713	    299.88183177	     10.86505699	      0.00000000	      0.00000000
   1304.20446777	    864.33441162	    300.67052135	     10.21970177	      0.00000000	      0.00000000
   1497.08850098	    844.90722656	    301.56602062	      9.56645298	      0.00000000	      0.00000000
   1711.94665527	    823.68939209	    302.57101889	      8.88067722	      0.00000000	      0.00000000
   1951.28234863	    800.57586670	    303.68363361	      8.16480350	      0.00000000	      0.00000000
   2217.88403320	    775.46545410	    304.90928911	      7.42848825	      0.00000000	      0.00000000
   2514.85815430	    748.26367188	    306.26901436	      6.66103649	      0.00000000	      0.00000000
   2845.66479492	    718.88970947	    307.78754824	      5.83501720	      0.00000000	      0.00000000
   3214.15820312	    687.28326416	    309.46468283	      4.94386101	      0.00000000	      0.00000000
   3624.63183594	    653.41278076	    311.27515070	      4.03426075	      0.00000000	      0.00000000
   4081.86840820	    617.29046631	    313.20740800	      3.21007490	      0.00000000	      0.00000000
   4581.86816406	    579.67529297	    315.25874841	      2.56299520	      0.00000000	      0.00000000
   5081.86816406	    543.95806885	    317.29374001	      2.08924365	      0.00000000	      0.00000000
   5581.86816406	    510.05017090	    319.34212190	      1.66655171	      0.00000000	      0.00000000
   6081.86816406	    477.86431885	    321.35079832	      1.25636876	      0.00000000	      0.00000000
   6581.86816406	    447.31954956	    323.21476802	      0.90051347	      0.00000000	      0.00000000
   7081.86816406	    418.34561157	    324.86378481	      0.64302564	      0.00000000	      0.00000000
   7581.86816406	    390.87377930	    326.30103372	      0.47348702	      0.00000000	      0.00000000
   8081.86816406	    364.83096313	    327.58439212	      0.35576919	      0.00000000	      0.00000000
   8581.86816406	    340.14633179	    328.75643951	      0.26666096	      0.00000000	      0.00000000
   9081.86816406	    316.75793457	    329.81199741	      0.19710979	      0.00000000	      0.00000000
   9581.86816406	    294.60940552	    330.74621951	      0.14282706	      0.00000000	      0.00000000
  10081.86816406	    273.64596558	    331.59112258	      0.10069221	      0.00000000	      0.00000000
  10581.86816406	    253.81735229	    332.40954258	      0.06887595	      0.00000000	      0.00000000
  11081.86816406	    235.08253479	    333.28450332	      0.04553911	      0.00000000	      0.00000000
  11581.86816406	    217.40830994	    334.31050085	      0.02908067	      0.00000000	      0.00000000
  12081.86816406	    200.76300049	    335.61248541	      0.01830986	      0.00000000	      0.00000000
  12581.86816406	    185.11801147	    337.38368895	      0.01180117	      0.00000000	      0.00000000
  13081.86816406	    170.45475769	    339.88036971	      0.00801759	      0.00000000	      0.00000000
  13581.86816406	    156.76211548	    343.36936363	      0.00590898	      0.00000000	      0.00000000
  14081.86816406	    144.02006531	    348.12571723	      0.00487020	      0.00000000	      0.00000000
  14581.86816406	    132.19235229	    354.34720631	      0.00448036	      0.00000000	      0.00000000
  15081.86816406	    121.24920654	    361.90019220	      0.00436974	      0.00000000	      0.00000000
  15581.86816406	    111.17790985	    370.46320765	      0.00435760	      0.00000000	      0.00000000
  16081.86816406	    101.95455933	    379.99448084	      0.00441009	      0.00000000	      0.00000000
  16581.86718750	     93.52635193	    390.39181765	      0.00452072	      0.00000000	      0.00000000
  17081.86718750	     85.82562256	    401.33670728	      0.00459416	      0.00000000	      0.00000000
  17581.86718750	     78.78137207	    412.52600142	      0.00456706	      0.00000000	      0.00000000
  18081.86718750	     72.32933044	    424.32857023	      0.00443752	      0.00000000	      0.00000000
  18581.86718750	     66.43315887	    438.19285989	      0.00415849	      0.00000000	      0.00000000
  19081.86718750	     61.07080841	    454.35020169	      0.00370160	      0.00000000	      0.00000000
  19581.86718750	     56.20363617	    471.38395367	      0.00309723	      0.00000000	      0.00000000
  20081.86718750	     51.77815628	    488.18932469	      0.00241858	      0.00000000	      0.00000000
  20590.05468750	     47.67821503	    504.74312062	      0.00175629	      0.00000000	      0.00000000
  21149.06054688	     43.57812119	    522.64633790	      0.00117469	      0.00000000	      0.00000000
  21763.96679688	     39.50828171	    542.40336446	      0.00081414	      0.00000000	      0.00000000
  22440.36328125	     35.50227737	    564.32001699	      0.00074503	      0.00000000	      0.00000000
  23184.40039062	     31.59542274	    588.59987330	      0.00074521	      0.00000000	      0.00000000
  24002.83984375	     27.82265663	    615.55661386	      0.00074389	      0.00000000	      0.00000000
  24903.12304688	     24.21813011	    645.63657814	      0.00073894	      0.00000000	      0.00000000
  25893.43554688	     20.81523705	    679.67962620	      0.00073809	      0.00000000	      0.00000000
  26982.77929688	     17.64764023	    718.80146786	      0.00074051	      0.00000000	      0.00000000
  10000.00,         64,    1009.32
     25.00000000	   1002.44830322	    297.57448107	     14.90556812	      0.00000000	      0.00000000
     75.00000000	    996.75903320	    297.47818717	     14.39583206	      0.00000000	      0.00000000
    127.84809875	    990.76843262	    297.48722675	     14.24364471	      0.00000000	      0.00000000
    186.71687317	    984.12561035	    297.51767938	     14.15102959	      0.00000000	      0.00000000
    252.29220581	    976.76403809	    297.55811052	     14.07139015	      0.00000000	      0.00000000
    325.33816528	    968.61120605	    297.60799074	     13.97974682	      0.00000000	      0.00000000
    406.70581055	    959.58831787	    297.67315944	     13.85840130	      0.00000000	      0.00000000
    497.34317017	    949.61035156	    297.76793920	     13.67636585	      0.00000000	      0.00000000
    598.30627441	    938.58679199	    297.92320327	     13.38135147	      0.00000000	      0.00000000
    710.77154541	    926.42224121	    298.19407570	     12.90088081	      0.00000000	      0.00000000
    836.04931641	    913.01794434	    298.62483641	     12.24260616	      0.00000000	      0.00000000
    975.59924316	    898.27349854	    299.19712888	     11.53783035	      0.00000000	      0.00000000
   1131.04724121	    882.08355713	    299.88183177	     10.86505699	      0.00000000	      0.00000000
   1304.20446777	    864.33441162	    300.67052135	     10.21970177	      0.00000000	      0.00000000
   1497.08850098	    844.90722656	    301.56602062	      9.56645298	      0.00000000	      0.00000000
   1711.94665527	    823.68939209	    302.57101889	      8.88067722	      0.00000000	      0.00000000
   1951.28234863	    800.57586670	    303.68363361	      8.16480350	      0.00000000	      0.00000000
   2217.88403320	    775.46545410	    304.90928911	      7.42848825	      0.00000000	      0.00000000
   2514.85815430	    748.26367188	    306.26901436	      6.66103649	      0.00000000	      0.00000000
   2845.66479492	    718.88970947	    307.78754824	      5.83501720	      0.00000000	      0.00000000
   3214.15820312	    687.28326416	    309.46468283	      4.94386101	      0.00000000	      0.00000000
   3624.63183594	    653.41278076	    311.27515070	      4.03426075	      0.00000000	      0.00000000
   4081.86840820	    617.29046631	    313.20740800	      3.21007490	      0.00000000	      0.00000000
   4581.86816406	    579.67529297	    315.25874841	      2.56299520	      0.00000000	      0.00000000
   5081.86816406	    543.95806885	    317.29374001	      2.08924365	      0.00000000	      0.00000000
   5581.86816406	    510.05017090	    319.34212190	      1.66655171	      0.00000000	      0.00000000
   6081.86816406	    477.86431885	    321.35079832	      1.25636876	      0.00000000	      0.00000000
   6581.86816406	    447.31954956	    323.21476802	      0.90051347	      0.00000000	      0.00000000
   7081.86816406	    418.34561157	    324.86378481	      0.64302564	      0.00000000	      0.00000000
   7581.86816406	    390.87377930	    326.30103372	      0.47348702	      0.00000000	      0.00000000
   8081.86816406	    364.83096313	    327.58439212	      0.35576919	      0.00000000	      0.00000000
   8581.86816406	    340.14633179	    328.75643951	      0.26666096	      0.00000000	      0.00000000
   9081.86816406	    316.75793457	    329.81199741	      0.19710979	      0.00000000	      0.00000000
   9581.86816406	    294.60940552	    330.74621951	      0.14282706	      0.00000000	      0.00000000
  10081.86816406	    273.64596558	    331.59112258	      0.10069221	      0.00000000	      0.00000000
  10581.86816406	    253.81735229	    332.40954258	      0.06887595	      0.00000000	      0.00000000
  11081.86816406	    235.08253479	    333.28450332	      0.04553911	      0.00000000	      0.00000000
  11581.86816406	    217.40830994	    334.31050085	      0.02908067	      0.00000000	      0.00000000
  12081.86816406	    200.76300049	    335.61248541	      0.01830986	      0.00000000	      0.00000000
  12581.86816406	    185.11801147	    337.38368895	      0.01180117	      0.00000000	      0.00000000
  13081.86816406	    170.45475769	    339.88036971	      0.00801759	      0.00000000	      0.00000000
  13581.86816406	    156.76211548	    343.36936363	      0.00590898	      0.00000000	      0.00000000
  14081.86816406	    144.02006531	    348.12571723	      0.00487020	      0.00000000	      0.00000000
  14581.86816406	    132.19235229	    354.34720631	      0.00448036	      0.00000000	      0.00000000
  15081.86816406	    121.24920654	    361.90019220	      0.00436974	      0.00000000	      0.00000000
  15581.86816406	    111.17790985	    370.46320765	      0.00435760	      0.00000000	      0.00000000
  16081.86816406	    101.95455933	    379.99448084	      0.00441009	      0.00000000	      0.00000000
  16581.86718750	     93.52635193	    390.39181765	      0.00452072	      0.00000000	      0.00000000
  17081.86718750	     85.82562256	    401.33670728	      0.00459416	      0.00000000	      0.00000000
  17581.86718750	     78.78137207	    412.52600142	      0.00456706	      0.00000000	      0.00000000
  18081.86718750	     72.32933044	    424.32857023	      0.00443752	      0.00000000	      0.00000000
  18581.86718750	     66.43315887	    438.19285989	      0.00415849	      0.00000000	      0.00000000
  19081.86718750	     61.07080841	    454.35020169	      0.00370160	      0.00000000	      0.00000000
  19581.86718750	     56.20363617	    471.38395367	      0.00309723	      0.00000000	      0.00000000
  20081.86718750	     51.77815628	    488.18932469	      0.00241858	      0.00000000	      0.00000000
  20590.05468750	     47.67821503	    504.74312062	      0.00175629	      0.00000000	      0.00000000
  21149.06054688	     43.57812119	    522.64633790	      0.00117469	      0.00000000	      0.00000000
  21763.96679688	     39.50828171	    542.40336446	      0.00081414	      0.00000000	      0.00000000
  22440.36328125	     35.50227737	    564.32001699	      0.00074503	      0.00000000	      0.00000000
  23184.40039062	     31.59542274	    588.59987330	      0.00074521	      0.00000000	      0.00000000
  24002.83984375	     27.82265663	    615.55661386	      0.00074389	      0.00000000	      0.00000000
  24903.12304688	     24.21813011	    645.63657814	      0.00073894	      0.00000000	      0.00000000
  25893.43554688	     20.81523705	    679.67962620	      0.00073809	      0.00000000	      0.00000000
  26982.77929688	     17.64764023	    718.80146786	      0.00074051	      0.00000000	      0.00000000
