      z[m]      p[mb]      tp[K]    q[g/kg]     u[m/s]     v[m/s]
      0.00,         64,    1009.32
     25.00000000	   1002.89080811	    296.60488120	     15.17026615	      0.00000000	      0.00000000
     75.00000000	    997.18347168	    296.49655809	     14.51910973	      0.00000000	      0.00000000
    127.84809875	    991.17395020	    296.59225344	     14.28080463	      0.00000000	      0.00000000
    186.71687317	    984.51190186	    296.72353198	     14.12792873	      0.00000000	      0.00000000
    252.29220581	    977.13134766	    296.87274412	     13.99426651	      0.00000000	      0.00000000
    325.33816528	    968.96026611	    297.03548664	     13.84492588	      0.00000000	      0.00000000
    406.70581055	    959.92041016	    297.21959562	     13.66223145	      0.00000000	      0.00000000
    497.34317017	    949.92736816	    297.43655760	     13.42684650	      0.00000000	      0.00000000
    598.30627441	    938.89117432	    297.70278326	     13.12553406	      0.00000000	      0.00000000
    710.77154541	    926.71667480	    298.03509159	     12.75255489	      0.00000000	      0.00000000
    836.04931641	    913.30401611	    298.44653944	     12.31797409	      0.00000000	      0.00000000
    975.59924316	    898.55041504	    298.94941549	     11.83381939	      0.00000000	      0.00000000
   1131.04724121	    882.34832764	    299.55686173	     11.30819702	      0.00000000	      0.00000000
   1304.20446777	    864.58178711	    300.27733492	     10.74597359	      0.00000000	      0.00000000
   1497.08850098	    845.13092041	    301.10921607	     10.15268517	      0.00000000	      0.00000000
   1711.94665527	    823.88421631	    302.04670909	      9.53307247	      0.00000000	      0.00000000
   1951.28234863	    800.73767090	    303.08214352	      8.89365387	      0.00000000	      0.00000000
   2217.88403320	    775.58898926	    304.22324377	      8.23724842	      0.00000000	      0.00000000
   2514.85815430	    748.34118652	    305.50064274	      7.55713606	      0.00000000	      0.00000000
   2845.66479492	    718.91162109	    306.95110792	      6.83128834	      0.00000000	      0.00000000
   3214.15820312	    687.24066162	    308.59638983	      6.04752016	      0.00000000	      0.00000000
   3624.63183594	    653.30151367	    310.43734827	      5.22065115	      0.00000000	      0.00000000
   4081.86840820	    617.11486816	    312.48647152	      4.38957596	      0.00000000	      0.00000000
   4581.86816406	    579.45190430	    314.74139992	      3.61810040	      0.00000000	      0.00000000
   5081.86816406	    543.71276855	    316.98637241	      2.97320294	      0.00000000	      0.00000000
   5581.86816406	    509.80218506	    319.19908669	      2.39375210	      0.00000000	      0.00000000
   6081.86816406	    477.62487793	    321.33804067	      1.84832680	      0.00000000	      0.00000000
   6581.86816406	    447.09558105	    323.34355487	      1.36620224	      0.00000000	      0.00000000
   7081.86816406	    418.14514160	    325.18168042	      0.99121958	      0.00000000	      0.00000000
   7581.86816406	    390.70742798	    326.80121330	      0.73216879	      0.00000000	      0.00000000
   8081.86816406	    364.70910645	    328.22970268	      0.54984522	      0.00000000	      0.00000000
   8581.86816406	    340.07540894	    329.48406515	      0.41192201	      0.00000000	      0.00000000
   9081.86816406	    316.73904419	    330.57780522	      0.30043298	      0.00000000	      0.00000000
   9581.86816406	    294.64007568	    331.51417337	      0.20996982	      0.00000000	      0.00000000
  10081.86816406	    273.72085571	    332.30483296	      0.14121315	      0.00000000	      0.00000000
  10581.86816406	    253.92761230	    333.00222118	      0.09242842	      0.00000000	      0.00000000
  11081.86816406	    235.21621704	    333.68509123	      0.05900761	      0.00000000	      0.00000000
  11581.86816406	    217.55059814	    334.43058561	      0.03671797	      0.00000000	      0.00000000
  12081.86816406	    200.89643860	    335.33866464	      0.02258099	      0.00000000	      0.00000000
  12581.86816406	    185.22416687	    336.63000670	      0.01401995	      0.00000000	      0.00000000
  13081.86816406	    170.51956177	    338.73767388	      0.00895618	      0.00000000	      0.00000000
  13581.86816406	    156.78340149	    342.21098402	      0.00612783	      0.00000000	      0.00000000
  14081.86816406	    144.00852966	    347.33090810	      0.00482698	      0.00000000	      0.00000000
  14581.86816406	    132.16270447	    353.99416406	      0.00440550	      0.00000000	      0.00000000
  15081.86816406	    121.21448517	    362.02284348	      0.00436729	      0.00000000	      0.00000000
  15581.86816406	    111.15068817	    371.06273091	      0.00446234	      0.00000000	      0.00000000
  16081.86816406	    101.94191742	    380.64135320	      0.00457244	      0.00000000	      0.00000000
  16581.86718750	     93.52307129	    390.49284640	      0.00464801	      0.00000000	      0.00000000
  17081.86718750	     85.81668854	    400.44517772	      0.00465572	      0.00000000	      0.00000000
  17581.86718750	     78.75315857	    410.88825020	      0.00459340	      0.00000000	      0.00000000
  18081.86718750	     72.27993011	    422.81741157	      0.00444594	      0.00000000	      0.00000000
  18581.86718750	     66.37154388	    437.36149582	      0.00415812	      0.00000000	      0.00000000
  19081.86718750	     61.00670242	    454.07135389	      0.00369884	      0.00000000	      0.00000000
  19581.86718750	     56.14164352	    471.19884311	      0.00309720	      0.00000000	      0.00000000
  20081.86718750	     51.71890259	    487.98403634	      0.00242292	      0.00000000	      0.00000000
  20590.05468750	     47.62218094	    504.62034152	      0.00176543	      0.00000000	      0.00000000
  21149.06054688	     43.52598190	    522.61709434	      0.00118646	      0.00000000	      0.00000000
  21763.96679688	     39.46035004	    542.38730050	      0.00082058	      0.00000000	      0.00000000
  22440.36328125	     35.45847321	    564.31422003	      0.00074140	      0.00000000	      0.00000000
  23184.40039062	     31.55584908	    588.64920269	      0.00074150	      0.00000000	      0.00000000
  24002.83984375	     27.78749275	    615.64178675	      0.00074069	      0.00000000	      0.00000000
  24903.12304688	     24.18732643	    645.73732565	      0.00073681	      0.00000000	      0.00000000
  25893.43554688	     20.78868294	    679.82961568	      0.00073594	      0.00000000	      0.00000000
  26982.77929688	     17.62505531	    718.97460981	      0.00073769	      0.00000000	      0.00000000
  10000.00,         64,    1009.32
     25.00000000	   1002.89080811	    296.60488120	     15.17026615	      0.00000000	      0.00000000
     75.00000000	    997.18347168	    296.49655809	     14.51910973	      0.00000000	      0.00000000
    127.84809875	    991.17395020	    296.59225344	     14.28080463	      0.00000000	      0.00000000
    186.71687317	    984.51190186	    296.72353198	     14.12792873	      0.00000000	      0.00000000
    252.29220581	    977.13134766	    296.87274412	     13.99426651	      0.00000000	      0.00000000
    325.33816528	    968.96026611	    297.03548664	     13.84492588	      0.00000000	      0.00000000
    406.70581055	    959.92041016	    297.21959562	     13.66223145	      0.00000000	      0.00000000
    497.34317017	    949.92736816	    297.43655760	     13.42684650	      0.00000000	      0.00000000
    598.30627441	    938.89117432	    297.70278326	     13.12553406	      0.00000000	      0.00000000
    710.77154541	    926.71667480	    298.03509159	     12.75255489	      0.00000000	      0.00000000
    836.04931641	    913.30401611	    298.44653944	     12.31797409	      0.00000000	      0.00000000
    975.59924316	    898.55041504	    298.94941549	     11.83381939	      0.00000000	      0.00000000
   1131.04724121	    882.34832764	    299.55686173	     11.30819702	      0.00000000	      0.00000000
   1304.20446777	    864.58178711	    300.27733492	     10.74597359	      0.00000000	      0.00000000
   1497.08850098	    845.13092041	    301.10921607	     10.15268517	      0.00000000	      0.00000000
   1711.94665527	    823.88421631	    302.04670909	      9.53307247	      0.00000000	      0.00000000
   1951.28234863	    800.73767090	    303.08214352	      8.89365387	      0.00000000	      0.00000000
   2217.88403320	    775.58898926	    304.22324377	      8.23724842	      0.00000000	      0.00000000
   2514.85815430	    748.34118652	    305.50064274	      7.55713606	      0.00000000	      0.00000000
   2845.66479492	    718.91162109	    306.95110792	      6.83128834	      0.00000000	      0.00000000
   3214.15820312	    687.24066162	    308.59638983	      6.04752016	      0.00000000	      0.00000000
   3624.63183594	    653.30151367	    310.43734827	      5.22065115	      0.00000000	      0.00000000
   4081.86840820	    617.11486816	    312.48647152	      4.38957596	      0.00000000	      0.00000000
   4581.86816406	    579.45190430	    314.74139992	      3.61810040	      0.00000000	      0.00000000
   5081.86816406	    543.71276855	    316.98637241	      2.97320294	      0.00000000	      0.00000000
   5581.86816406	    509.80218506	    319.19908669	      2.39375210	      0.00000000	      0.00000000
   6081.86816406	    477.62487793	    321.33804067	      1.84832680	      0.00000000	      0.00000000
   6581.86816406	    447.09558105	    323.34355487	      1.36620224	      0.00000000	      0.00000000
   7081.86816406	    418.14514160	    325.18168042	      0.99121958	      0.00000000	      0.00000000
   7581.86816406	    390.70742798	    326.80121330	      0.73216879	      0.00000000	      0.00000000
   8081.86816406	    364.70910645	    328.22970268	      0.54984522	      0.00000000	      0.00000000
   8581.86816406	    340.07540894	    329.48406515	      0.41192201	      0.00000000	      0.00000000
   9081.86816406	    316.73904419	    330.57780522	      0.30043298	      0.00000000	      0.00000000
   9581.86816406	    294.64007568	    331.51417337	      0.20996982	      0.00000000	      0.00000000
  10081.86816406	    273.72085571	    332.30483296	      0.14121315	      0.00000000	      0.00000000
  10581.86816406	    253.92761230	    333.00222118	      0.09242842	      0.00000000	      0.00000000
  11081.86816406	    235.21621704	    333.68509123	      0.05900761	      0.00000000	      0.00000000
  11581.86816406	    217.55059814	    334.43058561	      0.03671797	      0.00000000	      0.00000000
  12081.86816406	    200.89643860	    335.33866464	      0.02258099	      0.00000000	      0.00000000
  12581.86816406	    185.22416687	    336.63000670	      0.01401995	      0.00000000	      0.00000000
  13081.86816406	    170.51956177	    338.73767388	      0.00895618	      0.00000000	      0.00000000
  13581.86816406	    156.78340149	    342.21098402	      0.00612783	      0.00000000	      0.00000000
  14081.86816406	    144.00852966	    347.33090810	      0.00482698	      0.00000000	      0.00000000
  14581.86816406	    132.16270447	    353.99416406	      0.00440550	      0.00000000	      0.00000000
  15081.86816406	    121.21448517	    362.02284348	      0.00436729	      0.00000000	      0.00000000
  15581.86816406	    111.15068817	    371.06273091	      0.00446234	      0.00000000	      0.00000000
  16081.86816406	    101.94191742	    380.64135320	      0.00457244	      0.00000000	      0.00000000
  16581.86718750	     93.52307129	    390.49284640	      0.00464801	      0.00000000	      0.00000000
  17081.86718750	     85.81668854	    400.44517772	      0.00465572	      0.00000000	      0.00000000
  17581.86718750	     78.75315857	    410.88825020	      0.00459340	      0.00000000	      0.00000000
  18081.86718750	     72.27993011	    422.81741157	      0.00444594	      0.00000000	      0.00000000
  18581.86718750	     66.37154388	    437.36149582	      0.00415812	      0.00000000	      0.00000000
  19081.86718750	     61.00670242	    454.07135389	      0.00369884	      0.00000000	      0.00000000
  19581.86718750	     56.14164352	    471.19884311	      0.00309720	      0.00000000	      0.00000000
  20081.86718750	     51.71890259	    487.98403634	      0.00242292	      0.00000000	      0.00000000
  20590.05468750	     47.62218094	    504.62034152	      0.00176543	      0.00000000	      0.00000000
  21149.06054688	     43.52598190	    522.61709434	      0.00118646	      0.00000000	      0.00000000
  21763.96679688	     39.46035004	    542.38730050	      0.00082058	      0.00000000	      0.00000000
  22440.36328125	     35.45847321	    564.31422003	      0.00074140	      0.00000000	      0.00000000
  23184.40039062	     31.55584908	    588.64920269	      0.00074150	      0.00000000	      0.00000000
  24002.83984375	     27.78749275	    615.64178675	      0.00074069	      0.00000000	      0.00000000
  24903.12304688	     24.18732643	    645.73732565	      0.00073681	      0.00000000	      0.00000000
  25893.43554688	     20.78868294	    679.82961568	      0.00073594	      0.00000000	      0.00000000
  26982.77929688	     17.62505531	    718.97460981	      0.00073769	      0.00000000	      0.00000000
