      z[m]      p[mb]      tp[K]    q[g/kg]     u[m/s]     v[m/s]
      0.00,         64,    1009.32
     25.00000000	   1002.70770264	    297.67304644	     13.01796627	      0.00000000	      0.00000000
     75.00000000	    997.01379395	    297.57918184	     12.54093933	      0.00000000	      0.00000000
    127.84809875	    991.01806641	    297.55741030	     12.42636204	      0.00000000	      0.00000000
    186.71687317	    984.36889648	    297.54965944	     12.37332630	      0.00000000	      0.00000000
    252.29220581	    976.99957275	    297.54740086	     12.34168720	      0.00000000	      0.00000000
    325.33816528	    968.83715820	    297.54842196	     12.31316853	      0.00000000	      0.00000000
    406.70581055	    959.80255127	    297.55297505	     12.28098297	      0.00000000	      0.00000000
    497.34317017	    949.81005859	    297.56369109	     12.23515224	      0.00000000	      0.00000000
    598.30627441	    938.76776123	    297.58886426	     12.15398979	      0.00000000	      0.00000000
    710.77154541	    926.57781982	    297.65542615	     11.97625637	      0.00000000	      0.00000000
    836.04931641	    913.13836670	    297.85301506	     11.52538395	      0.00000000	      0.00000000
    975.59924316	    898.34838867	    298.37175954	     10.54080391	      0.00000000	      0.00000000
   1131.04724121	    882.11022949	    299.36775196	      8.94375706	      0.00000000	      0.00000000
   1304.20446777	    864.32415771	    300.78356646	      6.90292168	      0.00000000	      0.00000000
   1497.08850098	    844.88073730	    302.29153534	      4.93974733	      0.00000000	      0.00000000
   1711.94665527	    823.66546631	    303.63484518	      3.51729727	      0.00000000	      0.00000000
   1951.28234863	    800.56231689	    304.73228012	      2.86277342	      0.00000000	      0.00000000
   2217.88403320	    775.45733643	    305.69797903	      2.80053639	      0.00000000	      0.00000000
   2514.85815430	    748.24920654	    306.77655458	      2.84185767	      0.00000000	      0.00000000
   2845.66479492	    718.85931396	    308.16366798	      2.58019304	      0.00000000	      0.00000000
   3214.15820312	    687.23706055	    309.88198923	      2.03563714	      0.00000000	      0.00000000
   3624.63183594	    653.36248779	    311.80973515	      1.54640913	      0.00000000	      0.00000000
   4081.86840820	    617.25183105	    313.76498768	      1.30204320	      0.00000000	      0.00000000
   4581.86816406	    579.64898682	    315.61383054	      1.24023640	      0.00000000	      0.00000000
   5081.86816406	    543.92510986	    317.37198557	      1.16341531	      0.00000000	      0.00000000
   5581.86816406	    509.99627686	    319.34447814	      0.93680090	      0.00000000	      0.00000000
   6081.86816406	    477.79736328	    321.53686359	      0.64487410	      0.00000000	      0.00000000
   6581.86816406	    447.26055908	    323.63059735	      0.42104536	      0.00000000	      0.00000000
   7081.86816406	    418.30804443	    325.34072457	      0.30917054	      0.00000000	      0.00000000
   7581.86816406	    390.85626221	    326.67346413	      0.27015343	      0.00000000	      0.00000000
   8081.86816406	    364.82489014	    327.80077377	      0.24595542	      0.00000000	      0.00000000
   8581.86816406	    340.14382935	    328.84971549	      0.21179962	      0.00000000	      0.00000000
   9081.86816406	    316.75390625	    329.82704439	      0.16628052	      0.00000000	      0.00000000
   9581.86816406	    294.60083008	    330.71180982	      0.12242052	      0.00000000	      0.00000000
  10081.86816406	    273.63229370	    331.56005764	      0.08643287	      0.00000000	      0.00000000
  10581.86816406	    253.80125427	    332.45072677	      0.05849950	      0.00000000	      0.00000000
  11081.86816406	    235.06904602	    333.42744346	      0.03850977	      0.00000000	      0.00000000
  11581.86816406	    217.40205383	    334.52645801	      0.02541730	      0.00000000	      0.00000000
  12081.86816406	    200.76606750	    335.83454087	      0.01688335	      0.00000000	      0.00000000
  12581.86816406	    185.12969971	    337.54586252	      0.01129443	      0.00000000	      0.00000000
  13081.86816406	    170.47352600	    339.98653893	      0.00780004	      0.00000000	      0.00000000
  13581.86816406	    156.78797913	    343.50570179	      0.00566863	      0.00000000	      0.00000000
  14081.86816406	    144.05284119	    348.27641266	      0.00461156	      0.00000000	      0.00000000
  14581.86816406	    132.22848511	    354.40210987	      0.00425662	      0.00000000	      0.00000000
  15081.86816406	    121.28483582	    361.97725217	      0.00416451	      0.00000000	      0.00000000
  15581.86816406	    111.21042633	    370.49876034	      0.00416744	      0.00000000	      0.00000000
  16081.86816406	    101.97699738	    379.46626011	      0.00430036	      0.00000000	      0.00000000
  16581.86718750	     93.53105164	    389.39112081	      0.00447932	      0.00000000	      0.00000000
  17081.86718750	     85.81404114	    400.50002803	      0.00455863	      0.00000000	      0.00000000
  17581.86718750	     78.76174927	    412.14979100	      0.00453939	      0.00000000	      0.00000000
  18081.86718750	     72.30867004	    424.31673149	      0.00442093	      0.00000000	      0.00000000
  18581.86718750	     66.41407776	    438.21940256	      0.00414821	      0.00000000	      0.00000000
  19081.86718750	     61.05227280	    454.14926951	      0.00369196	      0.00000000	      0.00000000
  19581.86718750	     56.18448257	    471.09452002	      0.00308629	      0.00000000	      0.00000000
  20081.86718750	     51.75860596	    487.94971519	      0.00241316	      0.00000000	      0.00000000
  20590.05468750	     47.65921402	    504.63264548	      0.00175938	      0.00000000	      0.00000000
  21149.06054688	     43.56065750	    522.66724815	      0.00118617	      0.00000000	      0.00000000
  21763.96679688	     39.49303436	    542.49876962	      0.00082391	      0.00000000	      0.00000000
  22440.36328125	     35.48921585	    564.38440931	      0.00074277	      0.00000000	      0.00000000
  23184.40039062	     31.58416939	    588.64814231	      0.00074240	      0.00000000	      0.00000000
  24002.83984375	     27.81318855	    615.66668047	      0.00074041	      0.00000000	      0.00000000
  24903.12304688	     24.21052361	    645.77289071	      0.00073560	      0.00000000	      0.00000000
  25893.43554688	     20.80914688	    679.74861179	      0.00073479	      0.00000000	      0.00000000
  26982.77929688	     17.64267349	    718.88143172	      0.00073839	      0.00000000	      0.00000000
  10000.00,         64,    1009.32
     25.00000000	   1002.70770264	    297.67304644	     13.01796627	      0.00000000	      0.00000000
     75.00000000	    997.01379395	    297.57918184	     12.54093933	      0.00000000	      0.00000000
    127.84809875	    991.01806641	    297.55741030	     12.42636204	      0.00000000	      0.00000000
    186.71687317	    984.36889648	    297.54965944	     12.37332630	      0.00000000	      0.00000000
    252.29220581	    976.99957275	    297.54740086	     12.34168720	      0.00000000	      0.00000000
    325.33816528	    968.83715820	    297.54842196	     12.31316853	      0.00000000	      0.00000000
    406.70581055	    959.80255127	    297.55297505	     12.28098297	      0.00000000	      0.00000000
    497.34317017	    949.81005859	    297.56369109	     12.23515224	      0.00000000	      0.00000000
    598.30627441	    938.76776123	    297.58886426	     12.15398979	      0.00000000	      0.00000000
    710.77154541	    926.57781982	    297.65542615	     11.97625637	      0.00000000	      0.00000000
    836.04931641	    913.13836670	    297.85301506	     11.52538395	      0.00000000	      0.00000000
    975.59924316	    898.34838867	    298.37175954	     10.54080391	      0.00000000	      0.00000000
   1131.04724121	    882.11022949	    299.36775196	      8.94375706	      0.00000000	      0.00000000
   1304.20446777	    864.32415771	    300.78356646	      6.90292168	      0.00000000	      0.00000000
   1497.08850098	    844.88073730	    302.29153534	      4.93974733	      0.00000000	      0.00000000
   1711.94665527	    823.66546631	    303.63484518	      3.51729727	      0.00000000	      0.00000000
   1951.28234863	    800.56231689	    304.73228012	      2.86277342	      0.00000000	      0.00000000
   2217.88403320	    775.45733643	    305.69797903	      2.80053639	      0.00000000	      0.00000000
   2514.85815430	    748.24920654	    306.77655458	      2.84185767	      0.00000000	      0.00000000
   2845.66479492	    718.85931396	    308.16366798	      2.58019304	      0.00000000	      0.00000000
   3214.15820312	    687.23706055	    309.88198923	      2.03563714	      0.00000000	      0.00000000
   3624.63183594	    653.36248779	    311.80973515	      1.54640913	      0.00000000	      0.00000000
   4081.86840820	    617.25183105	    313.76498768	      1.30204320	      0.00000000	      0.00000000
   4581.86816406	    579.64898682	    315.61383054	      1.24023640	      0.00000000	      0.00000000
   5081.86816406	    543.92510986	    317.37198557	      1.16341531	      0.00000000	      0.00000000
   5581.86816406	    509.99627686	    319.34447814	      0.93680090	      0.00000000	      0.00000000
   6081.86816406	    477.79736328	    321.53686359	      0.64487410	      0.00000000	      0.00000000
   6581.86816406	    447.26055908	    323.63059735	      0.42104536	      0.00000000	      0.00000000
   7081.86816406	    418.30804443	    325.34072457	      0.30917054	      0.00000000	      0.00000000
   7581.86816406	    390.85626221	    326.67346413	      0.27015343	      0.00000000	      0.00000000
   8081.86816406	    364.82489014	    327.80077377	      0.24595542	      0.00000000	      0.00000000
   8581.86816406	    340.14382935	    328.84971549	      0.21179962	      0.00000000	      0.00000000
   9081.86816406	    316.75390625	    329.82704439	      0.16628052	      0.00000000	      0.00000000
   9581.86816406	    294.60083008	    330.71180982	      0.12242052	      0.00000000	      0.00000000
  10081.86816406	    273.63229370	    331.56005764	      0.08643287	      0.00000000	      0.00000000
  10581.86816406	    253.80125427	    332.45072677	      0.05849950	      0.00000000	      0.00000000
  11081.86816406	    235.06904602	    333.42744346	      0.03850977	      0.00000000	      0.00000000
  11581.86816406	    217.40205383	    334.52645801	      0.02541730	      0.00000000	      0.00000000
  12081.86816406	    200.76606750	    335.83454087	      0.01688335	      0.00000000	      0.00000000
  12581.86816406	    185.12969971	    337.54586252	      0.01129443	      0.00000000	      0.00000000
  13081.86816406	    170.47352600	    339.98653893	      0.00780004	      0.00000000	      0.00000000
  13581.86816406	    156.78797913	    343.50570179	      0.00566863	      0.00000000	      0.00000000
  14081.86816406	    144.05284119	    348.27641266	      0.00461156	      0.00000000	      0.00000000
  14581.86816406	    132.22848511	    354.40210987	      0.00425662	      0.00000000	      0.00000000
  15081.86816406	    121.28483582	    361.97725217	      0.00416451	      0.00000000	      0.00000000
  15581.86816406	    111.21042633	    370.49876034	      0.00416744	      0.00000000	      0.00000000
  16081.86816406	    101.97699738	    379.46626011	      0.00430036	      0.00000000	      0.00000000
  16581.86718750	     93.53105164	    389.39112081	      0.00447932	      0.00000000	      0.00000000
  17081.86718750	     85.81404114	    400.50002803	      0.00455863	      0.00000000	      0.00000000
  17581.86718750	     78.76174927	    412.14979100	      0.00453939	      0.00000000	      0.00000000
  18081.86718750	     72.30867004	    424.31673149	      0.00442093	      0.00000000	      0.00000000
  18581.86718750	     66.41407776	    438.21940256	      0.00414821	      0.00000000	      0.00000000
  19081.86718750	     61.05227280	    454.14926951	      0.00369196	      0.00000000	      0.00000000
  19581.86718750	     56.18448257	    471.09452002	      0.00308629	      0.00000000	      0.00000000
  20081.86718750	     51.75860596	    487.94971519	      0.00241316	      0.00000000	      0.00000000
  20590.05468750	     47.65921402	    504.63264548	      0.00175938	      0.00000000	      0.00000000
  21149.06054688	     43.56065750	    522.66724815	      0.00118617	      0.00000000	      0.00000000
  21763.96679688	     39.49303436	    542.49876962	      0.00082391	      0.00000000	      0.00000000
  22440.36328125	     35.48921585	    564.38440931	      0.00074277	      0.00000000	      0.00000000
  23184.40039062	     31.58416939	    588.64814231	      0.00074240	      0.00000000	      0.00000000
  24002.83984375	     27.81318855	    615.66668047	      0.00074041	      0.00000000	      0.00000000
  24903.12304688	     24.21052361	    645.77289071	      0.00073560	      0.00000000	      0.00000000
  25893.43554688	     20.80914688	    679.74861179	      0.00073479	      0.00000000	      0.00000000
  26982.77929688	     17.64267349	    718.88143172	      0.00073839	      0.00000000	      0.00000000
