      z[m]      p[mb]      tp[K]    q[g/kg]     u[m/s]     v[m/s]
      0.00,         64,    1009.32
     25.00000000	   1002.86987305	    297.57201986	     12.44914627	      0.00000000	      0.00000000
     75.00000000	    997.17211914	    297.47817258	     11.96978092	      0.00000000	      0.00000000
    127.84809875	    991.17224121	    297.45566551	     11.85389519	      0.00000000	      0.00000000
    186.71687317	    984.51843262	    297.44711155	     11.80079842	      0.00000000	      0.00000000
    252.29220581	    977.14398193	    297.44380572	     11.77020168	      0.00000000	      0.00000000
    325.33816528	    968.97589111	    297.44327476	     11.74393463	      0.00000000	      0.00000000
    406.70581055	    959.93499756	    297.44546063	     11.71621895	      0.00000000	      0.00000000
    497.34317017	    949.93554688	    297.45165184	     11.67991638	      0.00000000	      0.00000000
    598.30627441	    938.88543701	    297.46652796	     11.62205601	      0.00000000	      0.00000000
    710.77154541	    926.68670654	    297.50598058	     11.50319862	      0.00000000	      0.00000000
    836.04931641	    913.23626709	    297.63201218	     11.19525337	      0.00000000	      0.00000000
    975.59924316	    898.43133545	    298.02407727	     10.39590168	      0.00000000	      0.00000000
   1131.04724121	    882.17352295	    298.98909226	      8.65385246	      0.00000000	      0.00000000
   1304.20446777	    864.36663818	    300.54622326	      6.13179541	      0.00000000	      0.00000000
   1497.08850098	    844.90850830	    302.33010126	      3.74685979	      0.00000000	      0.00000000
   1711.94665527	    823.68890381	    303.81375401	      2.42205644	      0.00000000	      0.00000000
   1951.28234863	    800.58642578	    304.81131975	      2.14784956	      0.00000000	      0.00000000
   2217.88403320	    775.47760010	    305.61693119	      2.28489137	      0.00000000	      0.00000000
   2514.85815430	    748.25726318	    306.62538470	      2.26314449	      0.00000000	      0.00000000
   2845.66479492	    718.85034180	    308.04480720	      1.88978910	      0.00000000	      0.00000000
   3214.15820312	    687.21295166	    309.85785544	      1.36322367	      0.00000000	      0.00000000
   3624.63183594	    653.33087158	    311.88088332	      1.01358175	      0.00000000	      0.00000000
   4081.86840820	    617.21942139	    313.85169869	      0.93546051	      0.00000000	      0.00000000
   4581.86816406	    579.61486816	    315.63030088	      0.97400409	      0.00000000	      0.00000000
   5081.86816406	    543.88513184	    317.34229946	      0.92499202	      0.00000000	      0.00000000
   5581.86816406	    509.95040894	    319.33164295	      0.71765625	      0.00000000	      0.00000000
   6081.86816406	    477.74856567	    321.56400229	      0.46477506	      0.00000000	      0.00000000
   6581.86816406	    447.21289062	    323.71942733	      0.29009742	      0.00000000	      0.00000000
   7081.86816406	    418.26602173	    325.48320593	      0.22185589	      0.00000000	      0.00000000
   7581.86816406	    390.82266235	    326.82003692	      0.20585686	      0.00000000	      0.00000000
   8081.86816406	    364.79971313	    327.90585059	      0.19416723	      0.00000000	      0.00000000
   8581.86816406	    340.12521362	    328.89675334	      0.17520674	      0.00000000	      0.00000000
   9081.86816406	    316.74026489	    329.85704196	      0.14741759	      0.00000000	      0.00000000
   9581.86816406	    294.59301758	    330.78882969	      0.11333299	      0.00000000	      0.00000000
  10081.86816406	    273.63241577	    331.68954957	      0.08051740	      0.00000000	      0.00000000
  10581.86816406	    253.80960083	    332.57455329	      0.05496889	      0.00000000	      0.00000000
  11081.86816406	    235.08314514	    333.49418028	      0.03725616	      0.00000000	      0.00000000
  11581.86816406	    217.41871643	    334.53277276	      0.02525755	      0.00000000	      0.00000000
  12081.86816406	    200.78350830	    335.80609136	      0.01704679	      0.00000000	      0.00000000
  12581.86816406	    185.14695740	    337.47187729	      0.01158170	      0.00000000	      0.00000000
  13081.86816406	    170.48640442	    339.72243963	      0.00811590	      0.00000000	      0.00000000
  13581.86816406	    156.78697205	    342.91098891	      0.00588932	      0.00000000	      0.00000000
  14081.86816406	    144.03063965	    347.56091536	      0.00471446	      0.00000000	      0.00000000
  14581.86816406	    132.18881226	    353.99450371	      0.00422433	      0.00000000	      0.00000000
  15081.86816406	    121.24037933	    362.12262640	      0.00409803	      0.00000000	      0.00000000
  15581.86816406	    111.17831421	    371.41159251	      0.00414074	      0.00000000	      0.00000000
  16081.86816406	    101.96964264	    380.71260890	      0.00431776	      0.00000000	      0.00000000
  16581.86718750	     93.54300690	    389.90636106	      0.00451037	      0.00000000	      0.00000000
  17081.86718750	     85.82901764	    400.13731486	      0.00458247	      0.00000000	      0.00000000
  17581.86718750	     78.77140808	    411.73428376	      0.00454177	      0.00000000	      0.00000000
  18081.86718750	     72.31517029	    424.33459587	      0.00440900	      0.00000000	      0.00000000
  18581.86718750	     66.42098999	    438.36346080	      0.00413244	      0.00000000	      0.00000000
  19081.86718750	     61.06018066	    454.20626532	      0.00367629	      0.00000000	      0.00000000
  19581.86718750	     56.19220352	    471.00154639	      0.00307589	      0.00000000	      0.00000000
  20081.86718750	     51.76516724	    487.77505375	      0.00240852	      0.00000000	      0.00000000
  20590.05468750	     47.66456604	    504.48783683	      0.00175895	      0.00000000	      0.00000000
  21149.06054688	     43.56534195	    522.62297336	      0.00118836	      0.00000000	      0.00000000
  21763.96679688	     39.49757385	    542.51688843	      0.00082374	      0.00000000	      0.00000000
  22440.36328125	     35.49362564	    564.38405341	      0.00073908	      0.00000000	      0.00000000
  23184.40039062	     31.58819580	    588.62488690	      0.00073873	      0.00000000	      0.00000000
  24002.83984375	     27.81671143	    615.64261029	      0.00073742	      0.00000000	      0.00000000
  24903.12304688	     24.21353340	    645.74702451	      0.00073344	      0.00000000	      0.00000000
  25893.43554688	     20.81161880	    679.71214745	      0.00073267	      0.00000000	      0.00000000
  26982.77929688	     17.64462662	    718.85451331	      0.00073628	      0.00000000	      0.00000000
  10000.00,         64,    1009.32
     25.00000000	   1002.86987305	    297.57201986	     12.44914627	      0.00000000	      0.00000000
     75.00000000	    997.17211914	    297.47817258	     11.96978092	      0.00000000	      0.00000000
    127.84809875	    991.17224121	    297.45566551	     11.85389519	      0.00000000	      0.00000000
    186.71687317	    984.51843262	    297.44711155	     11.80079842	      0.00000000	      0.00000000
    252.29220581	    977.14398193	    297.44380572	     11.77020168	      0.00000000	      0.00000000
    325.33816528	    968.97589111	    297.44327476	     11.74393463	      0.00000000	      0.00000000
    406.70581055	    959.93499756	    297.44546063	     11.71621895	      0.00000000	      0.00000000
    497.34317017	    949.93554688	    297.45165184	     11.67991638	      0.00000000	      0.00000000
    598.30627441	    938.88543701	    297.46652796	     11.62205601	      0.00000000	      0.00000000
    710.77154541	    926.68670654	    297.50598058	     11.50319862	      0.00000000	      0.00000000
    836.04931641	    913.23626709	    297.63201218	     11.19525337	      0.00000000	      0.00000000
    975.59924316	    898.43133545	    298.02407727	     10.39590168	      0.00000000	      0.00000000
   1131.04724121	    882.17352295	    298.98909226	      8.65385246	      0.00000000	      0.00000000
   1304.20446777	    864.36663818	    300.54622326	      6.13179541	      0.00000000	      0.00000000
   1497.08850098	    844.90850830	    302.33010126	      3.74685979	      0.00000000	      0.00000000
   1711.94665527	    823.68890381	    303.81375401	      2.42205644	      0.00000000	      0.00000000
   1951.28234863	    800.58642578	    304.81131975	      2.14784956	      0.00000000	      0.00000000
   2217.88403320	    775.47760010	    305.61693119	      2.28489137	      0.00000000	      0.00000000
   2514.85815430	    748.25726318	    306.62538470	      2.26314449	      0.00000000	      0.00000000
   2845.66479492	    718.85034180	    308.04480720	      1.88978910	      0.00000000	      0.00000000
   3214.15820312	    687.21295166	    309.85785544	      1.36322367	      0.00000000	      0.00000000
   3624.63183594	    653.33087158	    311.88088332	      1.01358175	      0.00000000	      0.00000000
   4081.86840820	    617.21942139	    313.85169869	      0.93546051	      0.00000000	      0.00000000
   4581.86816406	    579.61486816	    315.63030088	      0.97400409	      0.00000000	      0.00000000
   5081.86816406	    543.88513184	    317.34229946	      0.92499202	      0.00000000	      0.00000000
   5581.86816406	    509.95040894	    319.33164295	      0.71765625	      0.00000000	      0.00000000
   6081.86816406	    477.74856567	    321.56400229	      0.46477506	      0.00000000	      0.00000000
   6581.86816406	    447.21289062	    323.71942733	      0.29009742	      0.00000000	      0.00000000
   7081.86816406	    418.26602173	    325.48320593	      0.22185589	      0.00000000	      0.00000000
   7581.86816406	    390.82266235	    326.82003692	      0.20585686	      0.00000000	      0.00000000
   8081.86816406	    364.79971313	    327.90585059	      0.19416723	      0.00000000	      0.00000000
   8581.86816406	    340.12521362	    328.89675334	      0.17520674	      0.00000000	      0.00000000
   9081.86816406	    316.74026489	    329.85704196	      0.14741759	      0.00000000	      0.00000000
   9581.86816406	    294.59301758	    330.78882969	      0.11333299	      0.00000000	      0.00000000
  10081.86816406	    273.63241577	    331.68954957	      0.08051740	      0.00000000	      0.00000000
  10581.86816406	    253.80960083	    332.57455329	      0.05496889	      0.00000000	      0.00000000
  11081.86816406	    235.08314514	    333.49418028	      0.03725616	      0.00000000	      0.00000000
  11581.86816406	    217.41871643	    334.53277276	      0.02525755	      0.00000000	      0.00000000
  12081.86816406	    200.78350830	    335.80609136	      0.01704679	      0.00000000	      0.00000000
  12581.86816406	    185.14695740	    337.47187729	      0.01158170	      0.00000000	      0.00000000
  13081.86816406	    170.48640442	    339.72243963	      0.00811590	      0.00000000	      0.00000000
  13581.86816406	    156.78697205	    342.91098891	      0.00588932	      0.00000000	      0.00000000
  14081.86816406	    144.03063965	    347.56091536	      0.00471446	      0.00000000	      0.00000000
  14581.86816406	    132.18881226	    353.99450371	      0.00422433	      0.00000000	      0.00000000
  15081.86816406	    121.24037933	    362.12262640	      0.00409803	      0.00000000	      0.00000000
  15581.86816406	    111.17831421	    371.41159251	      0.00414074	      0.00000000	      0.00000000
  16081.86816406	    101.96964264	    380.71260890	      0.00431776	      0.00000000	      0.00000000
  16581.86718750	     93.54300690	    389.90636106	      0.00451037	      0.00000000	      0.00000000
  17081.86718750	     85.82901764	    400.13731486	      0.00458247	      0.00000000	      0.00000000
  17581.86718750	     78.77140808	    411.73428376	      0.00454177	      0.00000000	      0.00000000
  18081.86718750	     72.31517029	    424.33459587	      0.00440900	      0.00000000	      0.00000000
  18581.86718750	     66.42098999	    438.36346080	      0.00413244	      0.00000000	      0.00000000
  19081.86718750	     61.06018066	    454.20626532	      0.00367629	      0.00000000	      0.00000000
  19581.86718750	     56.19220352	    471.00154639	      0.00307589	      0.00000000	      0.00000000
  20081.86718750	     51.76516724	    487.77505375	      0.00240852	      0.00000000	      0.00000000
  20590.05468750	     47.66456604	    504.48783683	      0.00175895	      0.00000000	      0.00000000
  21149.06054688	     43.56534195	    522.62297336	      0.00118836	      0.00000000	      0.00000000
  21763.96679688	     39.49757385	    542.51688843	      0.00082374	      0.00000000	      0.00000000
  22440.36328125	     35.49362564	    564.38405341	      0.00073908	      0.00000000	      0.00000000
  23184.40039062	     31.58819580	    588.62488690	      0.00073873	      0.00000000	      0.00000000
  24002.83984375	     27.81671143	    615.64261029	      0.00073742	      0.00000000	      0.00000000
  24903.12304688	     24.21353340	    645.74702451	      0.00073344	      0.00000000	      0.00000000
  25893.43554688	     20.81161880	    679.71214745	      0.00073267	      0.00000000	      0.00000000
  26982.77929688	     17.64462662	    718.85451331	      0.00073628	      0.00000000	      0.00000000
