      z[m]      p[mb]      tp[K]    q[g/kg]     u[m/s]     v[m/s]
      0.00,         64,    1009.32
     25.00000000	   1006.46716041	    298.39982659	     16.18058003	      0.00000000	      0.00000000
     75.00000000	   1000.78005657	    298.36609861	     15.82198461	      0.00000000	      0.00000000
    127.84809875	    994.79317476	    298.40787738	     15.76444544	      0.00000000	      0.00000000
    186.71687317	    988.15500703	    298.45118698	     15.70330949	      0.00000000	      0.00000000
    252.29220581	    980.79868324	    298.49748261	     15.63823898	      0.00000000	      0.00000000
    325.33816528	    972.65131606	    298.54926712	     15.54118741	      0.00000000	      0.00000000
    406.70581055	    963.63387668	    298.61649921	     15.39956130	      0.00000000	      0.00000000
    497.34317017	    953.66122046	    298.71787371	     15.17317908	      0.00000000	      0.00000000
    598.30627441	    942.64240618	    298.88954135	     14.80521335	      0.00000000	      0.00000000
    710.77154541	    930.48157074	    299.18385984	     14.24010471	      0.00000000	      0.00000000
    836.04931641	    917.07863741	    299.61405369	     13.54767020	      0.00000000	      0.00000000
    975.59924316	    902.32907147	    300.14936635	     12.85860607	      0.00000000	      0.00000000
   1131.04724121	    886.12367616	    300.76489952	     12.21952426	      0.00000000	      0.00000000
   1304.20446777	    868.34941721	    301.45759775	     11.60666559	      0.00000000	      0.00000000
   1497.08850098	    848.89119913	    302.23693546	     10.98257280	      0.00000000	      0.00000000
   1711.94665527	    827.63409873	    303.11051159	     10.32708316	      0.00000000	      0.00000000
   1951.28234863	    804.46586508	    304.08151282	      9.63916668	      0.00000000	      0.00000000
   2217.88403320	    779.28037225	    305.15893003	      8.92406287	      0.00000000	      0.00000000
   2514.85815430	    751.98261624	    306.36829453	      8.18158885	      0.00000000	      0.00000000
   2845.66479492	    722.49502396	    307.74314093	      7.40521821	      0.00000000	      0.00000000
   3214.15820312	    690.76363644	    309.30480961	      6.59182926	      0.00000000	      0.00000000
   3624.63183594	    656.76465511	    311.06962302	      5.74436490	      0.00000000	      0.00000000
   4081.86840820	    620.51453540	    313.06478025	      4.86829696	      0.00000000	      0.00000000
   4581.86816406	    582.77078545	    315.26797106	      3.99709515	      0.00000000	      0.00000000
   5081.86816406	    546.92775200	    317.41889906	      3.24316039	      0.00000000	      0.00000000
   5581.86816406	    512.89385388	    319.46488131	      2.61187525	      0.00000000	      0.00000000
   6081.86816406	    480.58726116	    321.42805600	      2.07123440	      0.00000000	      0.00000000
   6581.86816406	    449.93210233	    323.33366068	      1.59459982	      0.00000000	      0.00000000
   7081.86816406	    420.85545551	    325.14550744	      1.18815172	      0.00000000	      0.00000000
   7581.86816406	    393.28343268	    326.78701256	      0.86688822	      0.00000000	      0.00000000
   8081.86816406	    367.14231890	    328.22721752	      0.62460343	      0.00000000	      0.00000000
   8581.86816406	    342.36244844	    329.47952985	      0.44323198	      0.00000000	      0.00000000
   9081.86816406	    318.87964202	    330.56218305	      0.30720246	      0.00000000	      0.00000000
   9581.86816406	    296.63442584	    331.48219037	      0.20777618	      0.00000000	      0.00000000
  10081.86816406	    275.57152190	    332.25607511	      0.13811226	      0.00000000	      0.00000000
  10581.86816406	    255.64023267	    332.91927348	      0.09110833	      0.00000000	      0.00000000
  11081.86816406	    236.79495252	    333.53020162	      0.05997235	      0.00000000	      0.00000000
  11581.86816406	    218.99573047	    334.18020071	      0.03914986	      0.00000000	      0.00000000
  12081.86816406	    202.20924191	    335.01668358	      0.02511789	      0.00000000	      0.00000000
  12581.86816406	    186.41012869	    336.26541674	      0.01595671	      0.00000000	      0.00000000
  13081.86816406	    171.58180190	    338.23209273	      0.01039199	      0.00000000	      0.00000000
  13581.86816406	    157.71641810	    341.32019635	      0.00727706	      0.00000000	      0.00000000
  14081.86816406	    144.81219308	    345.94208041	      0.00572893	      0.00000000	      0.00000000
  14581.86816406	    132.86514108	    352.30731306	      0.00519348	      0.00000000	      0.00000000
  15081.86816406	    121.85828052	    360.30596566	      0.00523984	      0.00000000	      0.00000000
  15581.86816406	    111.75579759	    369.59885237	      0.00567106	      0.00000000	      0.00000000
  16081.86816406	    102.50497874	    379.77587436	      0.00634868	      0.00000000	      0.00000000
  16581.86718750	     94.04288124	    390.49092870	      0.00712684	      0.00000000	      0.00000000
  17081.86718750	     86.30398537	    401.57680493	      0.00787069	      0.00000000	      0.00000000
  17581.86718750	     79.22637977	    413.06850122	      0.00844470	      0.00000000	      0.00000000
  18081.86718750	     72.75596078	    425.31705568	      0.00873054	      0.00000000	      0.00000000
  18581.86718750	     66.84822085	    438.88906751	      0.00875901	      0.00000000	      0.00000000
  19081.86718750	     61.46254572	    453.68873946	      0.00875137	      0.00000000	      0.00000000
  19581.86718750	     56.55420061	    468.91706460	      0.00874677	      0.00000000	      0.00000000
  20081.86718750	     52.07459613	    483.92336730	      0.00874826	      0.00000000	      0.00000000
  20590.05468750	     47.91258485	    498.77660422	      0.00875515	      0.00000000	      0.00000000
  21149.06054688	     43.74082314	    514.90388654	      0.00876933	      0.00000000	      0.00000000
  21763.96679688	     39.59326069	    532.96381818	      0.00878950	      0.00000000	      0.00000000
  22440.36328125	     35.50839012	    553.59292977	      0.00880878	      0.00000000	      0.00000000
  23184.40039062	     31.52747276	    577.24405677	      0.00881851	      0.00000000	      0.00000000
  24002.83984375	     27.69110759	    604.13609849	      0.00881946	      0.00000000	      0.00000000
  24903.12304688	     24.03707077	    634.57553413	      0.00881955	      0.00000000	      0.00000000
  25893.43554688	     20.60004709	    669.20051288	      0.00881961	      0.00000000	      0.00000000
  26982.77929688	     17.41333888	    709.06789507	      0.00881931	      0.00000000	      0.00000000
  10000.00,         64,    1009.32
     25.00000000	   1006.46716041	    298.39982659	     16.18058003	      0.00000000	      0.00000000
     75.00000000	   1000.78005657	    298.36609861	     15.82198461	      0.00000000	      0.00000000
    127.84809875	    994.79317476	    298.40787738	     15.76444544	      0.00000000	      0.00000000
    186.71687317	    988.15500703	    298.45118698	     15.70330949	      0.00000000	      0.00000000
    252.29220581	    980.79868324	    298.49748261	     15.63823898	      0.00000000	      0.00000000
    325.33816528	    972.65131606	    298.54926712	     15.54118741	      0.00000000	      0.00000000
    406.70581055	    963.63387668	    298.61649921	     15.39956130	      0.00000000	      0.00000000
    497.34317017	    953.66122046	    298.71787371	     15.17317908	      0.00000000	      0.00000000
    598.30627441	    942.64240618	    298.88954135	     14.80521335	      0.00000000	      0.00000000
    710.77154541	    930.48157074	    299.18385984	     14.24010471	      0.00000000	      0.00000000
    836.04931641	    917.07863741	    299.61405369	     13.54767020	      0.00000000	      0.00000000
    975.59924316	    902.32907147	    300.14936635	     12.85860607	      0.00000000	      0.00000000
   1131.04724121	    886.12367616	    300.76489952	     12.21952426	      0.00000000	      0.00000000
   1304.20446777	    868.34941721	    301.45759775	     11.60666559	      0.00000000	      0.00000000
   1497.08850098	    848.89119913	    302.23693546	     10.98257280	      0.00000000	      0.00000000
   1711.94665527	    827.63409873	    303.11051159	     10.32708316	      0.00000000	      0.00000000
   1951.28234863	    804.46586508	    304.08151282	      9.63916668	      0.00000000	      0.00000000
   2217.88403320	    779.28037225	    305.15893003	      8.92406287	      0.00000000	      0.00000000
   2514.85815430	    751.98261624	    306.36829453	      8.18158885	      0.00000000	      0.00000000
   2845.66479492	    722.49502396	    307.74314093	      7.40521821	      0.00000000	      0.00000000
   3214.15820312	    690.76363644	    309.30480961	      6.59182926	      0.00000000	      0.00000000
   3624.63183594	    656.76465511	    311.06962302	      5.74436490	      0.00000000	      0.00000000
   4081.86840820	    620.51453540	    313.06478025	      4.86829696	      0.00000000	      0.00000000
   4581.86816406	    582.77078545	    315.26797106	      3.99709515	      0.00000000	      0.00000000
   5081.86816406	    546.92775200	    317.41889906	      3.24316039	      0.00000000	      0.00000000
   5581.86816406	    512.89385388	    319.46488131	      2.61187525	      0.00000000	      0.00000000
   6081.86816406	    480.58726116	    321.42805600	      2.07123440	      0.00000000	      0.00000000
   6581.86816406	    449.93210233	    323.33366068	      1.59459982	      0.00000000	      0.00000000
   7081.86816406	    420.85545551	    325.14550744	      1.18815172	      0.00000000	      0.00000000
   7581.86816406	    393.28343268	    326.78701256	      0.86688822	      0.00000000	      0.00000000
   8081.86816406	    367.14231890	    328.22721752	      0.62460343	      0.00000000	      0.00000000
   8581.86816406	    342.36244844	    329.47952985	      0.44323198	      0.00000000	      0.00000000
   9081.86816406	    318.87964202	    330.56218305	      0.30720246	      0.00000000	      0.00000000
   9581.86816406	    296.63442584	    331.48219037	      0.20777618	      0.00000000	      0.00000000
  10081.86816406	    275.57152190	    332.25607511	      0.13811226	      0.00000000	      0.00000000
  10581.86816406	    255.64023267	    332.91927348	      0.09110833	      0.00000000	      0.00000000
  11081.86816406	    236.79495252	    333.53020162	      0.05997235	      0.00000000	      0.00000000
  11581.86816406	    218.99573047	    334.18020071	      0.03914986	      0.00000000	      0.00000000
  12081.86816406	    202.20924191	    335.01668358	      0.02511789	      0.00000000	      0.00000000
  12581.86816406	    186.41012869	    336.26541674	      0.01595671	      0.00000000	      0.00000000
  13081.86816406	    171.58180190	    338.23209273	      0.01039199	      0.00000000	      0.00000000
  13581.86816406	    157.71641810	    341.32019635	      0.00727706	      0.00000000	      0.00000000
  14081.86816406	    144.81219308	    345.94208041	      0.00572893	      0.00000000	      0.00000000
  14581.86816406	    132.86514108	    352.30731306	      0.00519348	      0.00000000	      0.00000000
  15081.86816406	    121.85828052	    360.30596566	      0.00523984	      0.00000000	      0.00000000
  15581.86816406	    111.75579759	    369.59885237	      0.00567106	      0.00000000	      0.00000000
  16081.86816406	    102.50497874	    379.77587436	      0.00634868	      0.00000000	      0.00000000
  16581.86718750	     94.04288124	    390.49092870	      0.00712684	      0.00000000	      0.00000000
  17081.86718750	     86.30398537	    401.57680493	      0.00787069	      0.00000000	      0.00000000
  17581.86718750	     79.22637977	    413.06850122	      0.00844470	      0.00000000	      0.00000000
  18081.86718750	     72.75596078	    425.31705568	      0.00873054	      0.00000000	      0.00000000
  18581.86718750	     66.84822085	    438.88906751	      0.00875901	      0.00000000	      0.00000000
  19081.86718750	     61.46254572	    453.68873946	      0.00875137	      0.00000000	      0.00000000
  19581.86718750	     56.55420061	    468.91706460	      0.00874677	      0.00000000	      0.00000000
  20081.86718750	     52.07459613	    483.92336730	      0.00874826	      0.00000000	      0.00000000
  20590.05468750	     47.91258485	    498.77660422	      0.00875515	      0.00000000	      0.00000000
  21149.06054688	     43.74082314	    514.90388654	      0.00876933	      0.00000000	      0.00000000
  21763.96679688	     39.59326069	    532.96381818	      0.00878950	      0.00000000	      0.00000000
  22440.36328125	     35.50839012	    553.59292977	      0.00880878	      0.00000000	      0.00000000
  23184.40039062	     31.52747276	    577.24405677	      0.00881851	      0.00000000	      0.00000000
  24002.83984375	     27.69110759	    604.13609849	      0.00881946	      0.00000000	      0.00000000
  24903.12304688	     24.03707077	    634.57553413	      0.00881955	      0.00000000	      0.00000000
  25893.43554688	     20.60004709	    669.20051288	      0.00881961	      0.00000000	      0.00000000
  26982.77929688	     17.41333888	    709.06789507	      0.00881931	      0.00000000	      0.00000000
