      z[m]      p[mb]      tp[K]    q[g/kg]     u[m/s]     v[m/s]
      0.00,         64,    1009.32
     25.00000000	   1002.52130127	    297.38443058	      9.96430157	      0.00000000	      0.00000000
     75.00000000	    996.80810547	    297.29640850	      9.42560231	      0.00000000	      0.00000000
    127.84809875	    990.79248047	    297.29144384	      9.33932673	      0.00000000	      0.00000000
    186.71687317	    984.12158203	    297.29560828	      9.29184567	      0.00000000	      0.00000000
    252.29220581	    976.72839355	    297.30458210	      9.24926422	      0.00000000	      0.00000000
    325.33816528	    968.53979492	    297.31802166	      9.19653039	      0.00000000	      0.00000000
    406.70581055	    959.47619629	    297.33829009	      9.12517238	      0.00000000	      0.00000000
    497.34317017	    949.45184326	    297.37091755	      9.01558516	      0.00000000	      0.00000000
    598.30627441	    938.37438965	    297.44023449	      8.79851763	      0.00000000	      0.00000000
    710.77154541	    926.14630127	    297.64658779	      8.22914247	      0.00000000	      0.00000000
    836.04931641	    912.66937256	    298.34380425	      6.62280113	      0.00000000	      0.00000000
    975.59924316	    897.85687256	    300.06842747	      3.45985420	      0.00000000	      0.00000000
   1131.04724121	    881.63250732	    302.27719716	      0.99310547	      0.00000000	      0.00000000
   1304.20446777	    863.89459229	    303.56460305	      0.63206900	      0.00000000	      0.00000000
   1497.08850098	    844.49810791	    303.99221246	      0.73585668	      0.00000000	      0.00000000
   1711.94665527	    823.29687500	    304.36787328	      0.86924957	      0.00000000	      0.00000000
   1951.28234863	    800.17285156	    305.06857437	      0.97378609	      0.00000000	      0.00000000
   2217.88403320	    775.02740479	    306.04307592	      0.90516617	      0.00000000	      0.00000000
   2514.85815430	    747.77398682	    307.29122872	      0.63230185	      0.00000000	      0.00000000
   2845.66479492	    718.34899902	    308.82667384	      0.40832063	      0.00000000	      0.00000000
   3214.15820312	    686.71496582	    310.51258668	      0.33848616	      0.00000000	      0.00000000
   3624.63183594	    652.85693359	    312.30552041	      0.31193381	      0.00000000	      0.00000000
   4081.86840820	    616.79199219	    314.27194821	      0.27790138	      0.00000000	      0.00000000
   4581.86816406	    579.25793457	    316.29738309	      0.27456093	      0.00000000	      0.00000000
   5081.86816406	    543.59545898	    318.05899810	      0.32496398	      0.00000000	      0.00000000
   5581.86816406	    509.69161987	    319.64032210	      0.37369312	      0.00000000	      0.00000000
   6081.86816406	    477.48275757	    321.32028928	      0.33865400	      0.00000000	      0.00000000
   6581.86816406	    446.93798828	    323.26979747	      0.19775002	      0.00000000	      0.00000000
   7081.86816406	    418.00662231	    325.27703551	      0.07859323	      0.00000000	      0.00000000
   7581.86816406	    390.59399414	    326.92199216	      0.05439966	      0.00000000	      0.00000000
   8081.86816406	    364.59481812	    328.15602609	      0.06656279	      0.00000000	      0.00000000
   8581.86816406	    339.92965698	    329.20690165	      0.07153749	      0.00000000	      0.00000000
   9081.86816406	    316.54367065	    330.19839327	      0.06756536	      0.00000000	      0.00000000
   9581.86816406	    294.38735962	    331.04773359	      0.06769955	      0.00000000	      0.00000000
  10081.86816406	    273.41027832	    331.76277808	      0.06833216	      0.00000000	      0.00000000
  10581.86816406	    253.56692505	    332.50859389	      0.05999532	      0.00000000	      0.00000000
  11081.86816406	    234.81788635	    333.38546164	      0.04234568	      0.00000000	      0.00000000
  11581.86816406	    217.12556458	    334.34672543	      0.02658315	      0.00000000	      0.00000000
  12081.86816406	    200.45559692	    335.53508590	      0.01629323	      0.00000000	      0.00000000
  12581.86816406	    184.78425598	    337.25856241	      0.00995269	      0.00000000	      0.00000000
  13081.86816406	    170.10244751	    339.86417410	      0.00652501	      0.00000000	      0.00000000
  13581.86816406	    156.40858459	    343.68436819	      0.00505771	      0.00000000	      0.00000000
  14081.86816406	    143.68881226	    348.63665578	      0.00445524	      0.00000000	      0.00000000
  14581.86816406	    131.90309143	    354.09002993	      0.00416720	      0.00000000	      0.00000000
  15081.86816406	    121.00984192	    360.62852840	      0.00413727	      0.00000000	      0.00000000
  15581.86816406	    110.98417664	    369.08274536	      0.00430802	      0.00000000	      0.00000000
  16081.86816406	    101.78993988	    379.31799327	      0.00453117	      0.00000000	      0.00000000
  16581.86718750	     93.36175537	    389.86386183	      0.00472233	      0.00000000	      0.00000000
  17081.86718750	     85.63008881	    399.78306123	      0.00476953	      0.00000000	      0.00000000
  17581.86718750	     78.54784393	    409.90182711	      0.00466025	      0.00000000	      0.00000000
  18081.86718750	     72.08153534	    421.98317818	      0.00436787	      0.00000000	      0.00000000
  18581.86718750	     66.20036316	    438.01914672	      0.00392339	      0.00000000	      0.00000000
  19081.86718750	     60.85811996	    454.14462310	      0.00346825	      0.00000000	      0.00000000
  19581.86718750	     55.99942780	    470.31344274	      0.00298081	      0.00000000	      0.00000000
  20081.86718750	     51.57623291	    486.95183589	      0.00244788	      0.00000000	      0.00000000
  20590.05468750	     47.48021698	    503.89593747	      0.00188569	      0.00000000	      0.00000000
  21149.06054688	     43.38840103	    522.20816115	      0.00133029	      0.00000000	      0.00000000
  21763.96679688	     39.33102798	    542.14349771	      0.00090410	      0.00000000	      0.00000000
  22440.36328125	     35.33981323	    564.15324840	      0.00071826	      0.00000000	      0.00000000
  23184.40039062	     31.44864464	    588.62249541	      0.00071645	      0.00000000	      0.00000000
  24002.83984375	     27.69236755	    615.87179441	      0.00071727	      0.00000000	      0.00000000
  24903.12304688	     24.10493469	    646.19660882	      0.00071325	      0.00000000	      0.00000000
  25893.43554688	     20.71877670	    680.34622949	      0.00071023	      0.00000000	      0.00000000
  26982.77929688	     17.56688499	    719.64052538	      0.00071284	      0.00000000	      0.00000000
  10000.00,         64,    1009.32
     25.00000000	   1002.52130127	    297.38443058	      9.96430157	      0.00000000	      0.00000000
     75.00000000	    996.80810547	    297.29640850	      9.42560231	      0.00000000	      0.00000000
    127.84809875	    990.79248047	    297.29144384	      9.33932673	      0.00000000	      0.00000000
    186.71687317	    984.12158203	    297.29560828	      9.29184567	      0.00000000	      0.00000000
    252.29220581	    976.72839355	    297.30458210	      9.24926422	      0.00000000	      0.00000000
    325.33816528	    968.53979492	    297.31802166	      9.19653039	      0.00000000	      0.00000000
    406.70581055	    959.47619629	    297.33829009	      9.12517238	      0.00000000	      0.00000000
    497.34317017	    949.45184326	    297.37091755	      9.01558516	      0.00000000	      0.00000000
    598.30627441	    938.37438965	    297.44023449	      8.79851763	      0.00000000	      0.00000000
    710.77154541	    926.14630127	    297.64658779	      8.22914247	      0.00000000	      0.00000000
    836.04931641	    912.66937256	    298.34380425	      6.62280113	      0.00000000	      0.00000000
    975.59924316	    897.85687256	    300.06842747	      3.45985420	      0.00000000	      0.00000000
   1131.04724121	    881.63250732	    302.27719716	      0.99310547	      0.00000000	      0.00000000
   1304.20446777	    863.89459229	    303.56460305	      0.63206900	      0.00000000	      0.00000000
   1497.08850098	    844.49810791	    303.99221246	      0.73585668	      0.00000000	      0.00000000
   1711.94665527	    823.29687500	    304.36787328	      0.86924957	      0.00000000	      0.00000000
   1951.28234863	    800.17285156	    305.06857437	      0.97378609	      0.00000000	      0.00000000
   2217.88403320	    775.02740479	    306.04307592	      0.90516617	      0.00000000	      0.00000000
   2514.85815430	    747.77398682	    307.29122872	      0.63230185	      0.00000000	      0.00000000
   2845.66479492	    718.34899902	    308.82667384	      0.40832063	      0.00000000	      0.00000000
   3214.15820312	    686.71496582	    310.51258668	      0.33848616	      0.00000000	      0.00000000
   3624.63183594	    652.85693359	    312.30552041	      0.31193381	      0.00000000	      0.00000000
   4081.86840820	    616.79199219	    314.27194821	      0.27790138	      0.00000000	      0.00000000
   4581.86816406	    579.25793457	    316.29738309	      0.27456093	      0.00000000	      0.00000000
   5081.86816406	    543.59545898	    318.05899810	      0.32496398	      0.00000000	      0.00000000
   5581.86816406	    509.69161987	    319.64032210	      0.37369312	      0.00000000	      0.00000000
   6081.86816406	    477.48275757	    321.32028928	      0.33865400	      0.00000000	      0.00000000
   6581.86816406	    446.93798828	    323.26979747	      0.19775002	      0.00000000	      0.00000000
   7081.86816406	    418.00662231	    325.27703551	      0.07859323	      0.00000000	      0.00000000
   7581.86816406	    390.59399414	    326.92199216	      0.05439966	      0.00000000	      0.00000000
   8081.86816406	    364.59481812	    328.15602609	      0.06656279	      0.00000000	      0.00000000
   8581.86816406	    339.92965698	    329.20690165	      0.07153749	      0.00000000	      0.00000000
   9081.86816406	    316.54367065	    330.19839327	      0.06756536	      0.00000000	      0.00000000
   9581.86816406	    294.38735962	    331.04773359	      0.06769955	      0.00000000	      0.00000000
  10081.86816406	    273.41027832	    331.76277808	      0.06833216	      0.00000000	      0.00000000
  10581.86816406	    253.56692505	    332.50859389	      0.05999532	      0.00000000	      0.00000000
  11081.86816406	    234.81788635	    333.38546164	      0.04234568	      0.00000000	      0.00000000
  11581.86816406	    217.12556458	    334.34672543	      0.02658315	      0.00000000	      0.00000000
  12081.86816406	    200.45559692	    335.53508590	      0.01629323	      0.00000000	      0.00000000
  12581.86816406	    184.78425598	    337.25856241	      0.00995269	      0.00000000	      0.00000000
  13081.86816406	    170.10244751	    339.86417410	      0.00652501	      0.00000000	      0.00000000
  13581.86816406	    156.40858459	    343.68436819	      0.00505771	      0.00000000	      0.00000000
  14081.86816406	    143.68881226	    348.63665578	      0.00445524	      0.00000000	      0.00000000
  14581.86816406	    131.90309143	    354.09002993	      0.00416720	      0.00000000	      0.00000000
  15081.86816406	    121.00984192	    360.62852840	      0.00413727	      0.00000000	      0.00000000
  15581.86816406	    110.98417664	    369.08274536	      0.00430802	      0.00000000	      0.00000000
  16081.86816406	    101.78993988	    379.31799327	      0.00453117	      0.00000000	      0.00000000
  16581.86718750	     93.36175537	    389.86386183	      0.00472233	      0.00000000	      0.00000000
  17081.86718750	     85.63008881	    399.78306123	      0.00476953	      0.00000000	      0.00000000
  17581.86718750	     78.54784393	    409.90182711	      0.00466025	      0.00000000	      0.00000000
  18081.86718750	     72.08153534	    421.98317818	      0.00436787	      0.00000000	      0.00000000
  18581.86718750	     66.20036316	    438.01914672	      0.00392339	      0.00000000	      0.00000000
  19081.86718750	     60.85811996	    454.14462310	      0.00346825	      0.00000000	      0.00000000
  19581.86718750	     55.99942780	    470.31344274	      0.00298081	      0.00000000	      0.00000000
  20081.86718750	     51.57623291	    486.95183589	      0.00244788	      0.00000000	      0.00000000
  20590.05468750	     47.48021698	    503.89593747	      0.00188569	      0.00000000	      0.00000000
  21149.06054688	     43.38840103	    522.20816115	      0.00133029	      0.00000000	      0.00000000
  21763.96679688	     39.33102798	    542.14349771	      0.00090410	      0.00000000	      0.00000000
  22440.36328125	     35.33981323	    564.15324840	      0.00071826	      0.00000000	      0.00000000
  23184.40039062	     31.44864464	    588.62249541	      0.00071645	      0.00000000	      0.00000000
  24002.83984375	     27.69236755	    615.87179441	      0.00071727	      0.00000000	      0.00000000
  24903.12304688	     24.10493469	    646.19660882	      0.00071325	      0.00000000	      0.00000000
  25893.43554688	     20.71877670	    680.34622949	      0.00071023	      0.00000000	      0.00000000
  26982.77929688	     17.56688499	    719.64052538	      0.00071284	      0.00000000	      0.00000000
