      z[m]      p[mb]      tp[K]    q[g/kg]     u[m/s]     v[m/s]
      0.00,         64,    1009.32
     25.00000000	   1002.67230225	    297.44515076	     10.77072695	      0.00000000	      0.00000000
     75.00000000	    996.96307373	    297.35506917	     10.26894095	      0.00000000	      0.00000000
    127.84809875	    990.95141602	    297.33683377	     10.15851503	      0.00000000	      0.00000000
    186.71687317	    984.28466797	    297.33110067	     10.10544437	      0.00000000	      0.00000000
    252.29220581	    976.89575195	    297.33041483	     10.07334431	      0.00000000	      0.00000000
    325.33816528	    968.71160889	    297.33268737	     10.04259925	      0.00000000	      0.00000000
    406.70581055	    959.65264893	    297.33834305	     10.00719135	      0.00000000	      0.00000000
    497.34317017	    949.63299561	    297.35011126	      9.95432595	      0.00000000	      0.00000000
    598.30627441	    938.55987549	    297.37703093	      9.85607209	      0.00000000	      0.00000000
    710.77154541	    926.33477783	    297.46644921	      9.58920734	      0.00000000	      0.00000000
    836.04931641	    912.85516357	    297.83137551	      8.68620642	      0.00000000	      0.00000000
    975.59924316	    898.02508545	    299.04993177	      6.13363187	      0.00000000	      0.00000000
   1131.04724121	    881.76342773	    301.17032201	      2.59690943	      0.00000000	      0.00000000
   1304.20446777	    863.98339844	    302.90146447	      1.04228236	      0.00000000	      0.00000000
   1497.08850098	    844.55944824	    303.67679850	      1.06216604	      0.00000000	      0.00000000
   1711.94665527	    823.34423828	    304.10774701	      1.27749903	      0.00000000	      0.00000000
   1951.28234863	    800.20922852	    304.78550770	      1.32387562	      0.00000000	      0.00000000
   2217.88403320	    775.05249023	    305.80784814	      1.13560917	      0.00000000	      0.00000000
   2514.85815430	    747.78887939	    307.08753040	      0.83001467	      0.00000000	      0.00000000
   2845.66479492	    718.35314941	    308.56797045	      0.61104027	      0.00000000	      0.00000000
   3214.15820312	    686.70672607	    310.20736849	      0.54409364	      0.00000000	      0.00000000
   3624.63183594	    652.83770752	    311.99216676	      0.54147146	      0.00000000	      0.00000000
   4081.86840820	    616.75976562	    313.89616041	      0.52047710	      0.00000000	      0.00000000
   4581.86816406	    579.20153809	    315.79451985	      0.46899783	      0.00000000	      0.00000000
   5081.86816406	    543.50708008	    317.49663408	      0.41367615	      0.00000000	      0.00000000
   5581.86816406	    509.58035278	    319.23065482	      0.33453606	      0.00000000	      0.00000000
   6081.86816406	    477.37374878	    321.21289200	      0.22514542	      0.00000000	      0.00000000
   6581.86816406	    446.85494995	    323.36557577	      0.12969470	      0.00000000	      0.00000000
   7081.86816406	    417.95513916	    325.29767187	      0.08826817	      0.00000000	      0.00000000
   7581.86816406	    390.56405640	    326.72957886	      0.08661693	      0.00000000	      0.00000000
   8081.86816406	    364.57638550	    327.82555857	      0.08829471	      0.00000000	      0.00000000
   8581.86816406	    339.91830444	    328.80299444	      0.08352228	      0.00000000	      0.00000000
   9081.86816406	    316.53491211	    329.70703552	      0.07321483	      0.00000000	      0.00000000
   9581.86816406	    294.37689209	    330.53844136	      0.06083954	      0.00000000	      0.00000000
  10081.86816406	    273.39819336	    331.31416642	      0.05091987	      0.00000000	      0.00000000
  10581.86816406	    253.55603027	    332.10325717	      0.04151275	      0.00000000	      0.00000000
  11081.86816406	    234.81001282	    332.96685014	      0.03077881	      0.00000000	      0.00000000
  11581.86816406	    217.12208557	    333.92922201	      0.02097166	      0.00000000	      0.00000000
  12081.86816406	    200.45787048	    335.11400290	      0.01385517	      0.00000000	      0.00000000
  12581.86816406	    184.79260254	    336.80922178	      0.00927818	      0.00000000	      0.00000000
  13081.86816406	    170.11427307	    339.33106551	      0.00645853	      0.00000000	      0.00000000
  13581.86816406	    156.41389465	    342.87085600	      0.00496213	      0.00000000	      0.00000000
  14081.86816406	    143.67181396	    347.50219303	      0.00431818	      0.00000000	      0.00000000
  14581.86816406	    131.85992432	    353.23199158	      0.00405477	      0.00000000	      0.00000000
  15081.86816406	    120.95763397	    360.45531969	      0.00402927	      0.00000000	      0.00000000
  15581.86816406	    110.94693756	    369.48631267	      0.00424992	      0.00000000	      0.00000000
  16081.86816406	    101.77861786	    379.81268927	      0.00458010	      0.00000000	      0.00000000
  16581.86718750	     93.37278748	    390.57353115	      0.00478786	      0.00000000	      0.00000000
  17081.86718750	     85.65847778	    400.85650027	      0.00474701	      0.00000000	      0.00000000
  17581.86718750	     78.58845520	    410.66936978	      0.00450269	      0.00000000	      0.00000000
  18081.86718750	     72.12582397	    421.92277430	      0.00419083	      0.00000000	      0.00000000
  18581.86718750	     66.23754120	    436.94880667	      0.00382296	      0.00000000	      0.00000000
  19081.86718750	     60.88460541	    453.27657610	      0.00343542	      0.00000000	      0.00000000
  19581.86718750	     56.02013397	    470.03685453	      0.00296665	      0.00000000	      0.00000000
  20081.86718750	     51.59523392	    486.85229205	      0.00243948	      0.00000000	      0.00000000
  20590.05468750	     47.49806213	    503.65594167	      0.00187710	      0.00000000	      0.00000000
  21149.06054688	     43.40456009	    521.80211630	      0.00131982	      0.00000000	      0.00000000
  21763.96679688	     39.34568024	    541.78444315	      0.00089386	      0.00000000	      0.00000000
  22440.36328125	     35.35373688	    563.95334001	      0.00070785	      0.00000000	      0.00000000
  23184.40039062	     31.46220970	    588.51138270	      0.00070600	      0.00000000	      0.00000000
  24002.83984375	     27.70546150	    615.78780877	      0.00070613	      0.00000000	      0.00000000
  24903.12304688	     24.11734390	    646.12260476	      0.00070233	      0.00000000	      0.00000000
  25893.43554688	     20.73029709	    680.26659941	      0.00070076	      0.00000000	      0.00000000
  26982.77929688	     17.57741356	    719.57147678	      0.00070556	      0.00000000	      0.00000000
  10000.00,         64,    1009.32
     25.00000000	   1002.67230225	    297.44515076	     10.77072695	      0.00000000	      0.00000000
     75.00000000	    996.96307373	    297.35506917	     10.26894095	      0.00000000	      0.00000000
    127.84809875	    990.95141602	    297.33683377	     10.15851503	      0.00000000	      0.00000000
    186.71687317	    984.28466797	    297.33110067	     10.10544437	      0.00000000	      0.00000000
    252.29220581	    976.89575195	    297.33041483	     10.07334431	      0.00000000	      0.00000000
    325.33816528	    968.71160889	    297.33268737	     10.04259925	      0.00000000	      0.00000000
    406.70581055	    959.65264893	    297.33834305	     10.00719135	      0.00000000	      0.00000000
    497.34317017	    949.63299561	    297.35011126	      9.95432595	      0.00000000	      0.00000000
    598.30627441	    938.55987549	    297.37703093	      9.85607209	      0.00000000	      0.00000000
    710.77154541	    926.33477783	    297.46644921	      9.58920734	      0.00000000	      0.00000000
    836.04931641	    912.85516357	    297.83137551	      8.68620642	      0.00000000	      0.00000000
    975.59924316	    898.02508545	    299.04993177	      6.13363187	      0.00000000	      0.00000000
   1131.04724121	    881.76342773	    301.17032201	      2.59690943	      0.00000000	      0.00000000
   1304.20446777	    863.98339844	    302.90146447	      1.04228236	      0.00000000	      0.00000000
   1497.08850098	    844.55944824	    303.67679850	      1.06216604	      0.00000000	      0.00000000
   1711.94665527	    823.34423828	    304.10774701	      1.27749903	      0.00000000	      0.00000000
   1951.28234863	    800.20922852	    304.78550770	      1.32387562	      0.00000000	      0.00000000
   2217.88403320	    775.05249023	    305.80784814	      1.13560917	      0.00000000	      0.00000000
   2514.85815430	    747.78887939	    307.08753040	      0.83001467	      0.00000000	      0.00000000
   2845.66479492	    718.35314941	    308.56797045	      0.61104027	      0.00000000	      0.00000000
   3214.15820312	    686.70672607	    310.20736849	      0.54409364	      0.00000000	      0.00000000
   3624.63183594	    652.83770752	    311.99216676	      0.54147146	      0.00000000	      0.00000000
   4081.86840820	    616.75976562	    313.89616041	      0.52047710	      0.00000000	      0.00000000
   4581.86816406	    579.20153809	    315.79451985	      0.46899783	      0.00000000	      0.00000000
   5081.86816406	    543.50708008	    317.49663408	      0.41367615	      0.00000000	      0.00000000
   5581.86816406	    509.58035278	    319.23065482	      0.33453606	      0.00000000	      0.00000000
   6081.86816406	    477.37374878	    321.21289200	      0.22514542	      0.00000000	      0.00000000
   6581.86816406	    446.85494995	    323.36557577	      0.12969470	      0.00000000	      0.00000000
   7081.86816406	    417.95513916	    325.29767187	      0.08826817	      0.00000000	      0.00000000
   7581.86816406	    390.56405640	    326.72957886	      0.08661693	      0.00000000	      0.00000000
   8081.86816406	    364.57638550	    327.82555857	      0.08829471	      0.00000000	      0.00000000
   8581.86816406	    339.91830444	    328.80299444	      0.08352228	      0.00000000	      0.00000000
   9081.86816406	    316.53491211	    329.70703552	      0.07321483	      0.00000000	      0.00000000
   9581.86816406	    294.37689209	    330.53844136	      0.06083954	      0.00000000	      0.00000000
  10081.86816406	    273.39819336	    331.31416642	      0.05091987	      0.00000000	      0.00000000
  10581.86816406	    253.55603027	    332.10325717	      0.04151275	      0.00000000	      0.00000000
  11081.86816406	    234.81001282	    332.96685014	      0.03077881	      0.00000000	      0.00000000
  11581.86816406	    217.12208557	    333.92922201	      0.02097166	      0.00000000	      0.00000000
  12081.86816406	    200.45787048	    335.11400290	      0.01385517	      0.00000000	      0.00000000
  12581.86816406	    184.79260254	    336.80922178	      0.00927818	      0.00000000	      0.00000000
  13081.86816406	    170.11427307	    339.33106551	      0.00645853	      0.00000000	      0.00000000
  13581.86816406	    156.41389465	    342.87085600	      0.00496213	      0.00000000	      0.00000000
  14081.86816406	    143.67181396	    347.50219303	      0.00431818	      0.00000000	      0.00000000
  14581.86816406	    131.85992432	    353.23199158	      0.00405477	      0.00000000	      0.00000000
  15081.86816406	    120.95763397	    360.45531969	      0.00402927	      0.00000000	      0.00000000
  15581.86816406	    110.94693756	    369.48631267	      0.00424992	      0.00000000	      0.00000000
  16081.86816406	    101.77861786	    379.81268927	      0.00458010	      0.00000000	      0.00000000
  16581.86718750	     93.37278748	    390.57353115	      0.00478786	      0.00000000	      0.00000000
  17081.86718750	     85.65847778	    400.85650027	      0.00474701	      0.00000000	      0.00000000
  17581.86718750	     78.58845520	    410.66936978	      0.00450269	      0.00000000	      0.00000000
  18081.86718750	     72.12582397	    421.92277430	      0.00419083	      0.00000000	      0.00000000
  18581.86718750	     66.23754120	    436.94880667	      0.00382296	      0.00000000	      0.00000000
  19081.86718750	     60.88460541	    453.27657610	      0.00343542	      0.00000000	      0.00000000
  19581.86718750	     56.02013397	    470.03685453	      0.00296665	      0.00000000	      0.00000000
  20081.86718750	     51.59523392	    486.85229205	      0.00243948	      0.00000000	      0.00000000
  20590.05468750	     47.49806213	    503.65594167	      0.00187710	      0.00000000	      0.00000000
  21149.06054688	     43.40456009	    521.80211630	      0.00131982	      0.00000000	      0.00000000
  21763.96679688	     39.34568024	    541.78444315	      0.00089386	      0.00000000	      0.00000000
  22440.36328125	     35.35373688	    563.95334001	      0.00070785	      0.00000000	      0.00000000
  23184.40039062	     31.46220970	    588.51138270	      0.00070600	      0.00000000	      0.00000000
  24002.83984375	     27.70546150	    615.78780877	      0.00070613	      0.00000000	      0.00000000
  24903.12304688	     24.11734390	    646.12260476	      0.00070233	      0.00000000	      0.00000000
  25893.43554688	     20.73029709	    680.26659941	      0.00070076	      0.00000000	      0.00000000
  26982.77929688	     17.57741356	    719.57147678	      0.00070556	      0.00000000	      0.00000000
