      z[m]      p[mb]      tp[K]    q[g/kg]     u[m/s]     v[m/s]
      0.00,         64,    1009.32
     25.00000000	   1002.80670166	    297.47702211	     12.06622782	      0.00000000	      0.00000000
     75.00000000	    997.10217285	    297.38468595	     11.60495032	      0.00000000	      0.00000000
    127.84809875	    991.09533691	    297.36319681	     11.49605140	      0.00000000	      0.00000000
    186.71687317	    984.43383789	    297.35536860	     11.44504566	      0.00000000	      0.00000000
    252.29220581	    977.05078125	    297.35299924	     11.41472719	      0.00000000	      0.00000000
    325.33816528	    968.87298584	    297.35379305	     11.38735623	      0.00000000	      0.00000000
    406.70581055	    959.82110596	    297.35779282	     11.35724041	      0.00000000	      0.00000000
    497.34317017	    949.80914307	    297.36705322	     11.31420780	      0.00000000	      0.00000000
    598.30627441	    938.74456787	    297.38889746	     11.23894751	      0.00000000	      0.00000000
    710.77154541	    926.52856445	    297.45137686	     11.06294523	      0.00000000	      0.00000000
    836.04931641	    913.05712891	    297.65515786	     10.58681274	      0.00000000	      0.00000000
    975.59924316	    898.22705078	    298.30652940	      9.22719570	      0.00000000	      0.00000000
   1131.04724121	    881.94378662	    299.74569664	      6.46192525	      0.00000000	      0.00000000
   1304.20446777	    864.12036133	    301.51696289	      3.63676780	      0.00000000	      0.00000000
   1497.08850098	    844.65472412	    302.89526732	      2.26983931	      0.00000000	      0.00000000
   1711.94665527	    823.41900635	    303.75824847	      2.05928910	      0.00000000	      0.00000000
   1951.28234863	    800.27746582	    304.46350134	      2.26174767	      0.00000000	      0.00000000
   2217.88403320	    775.11303711	    305.36756501	      2.32170021	      0.00000000	      0.00000000
   2514.85815430	    747.83544922	    306.59983780	      1.98326588	      0.00000000	      0.00000000
   2845.66479492	    718.38159180	    308.13307426	      1.42425584	      0.00000000	      0.00000000
   3214.15820312	    686.71765137	    309.88077582	      1.00127653	      0.00000000	      0.00000000
   3624.63183594	    652.83337402	    311.71782762	      0.82242529	      0.00000000	      0.00000000
   4081.86840820	    616.73657227	    313.55394209	      0.78605380	      0.00000000	      0.00000000
   4581.86816406	    579.14990234	    315.38154217	      0.76328974	      0.00000000	      0.00000000
   5081.86816406	    543.42883301	    317.19585352	      0.67931378	      0.00000000	      0.00000000
   5581.86816406	    509.49429321	    319.23422830	      0.50347691	      0.00000000	      0.00000000
   6081.86816406	    477.30358887	    321.48837678	      0.29471230	      0.00000000	      0.00000000
   6581.86816406	    446.80780029	    323.61703945	      0.15960656	      0.00000000	      0.00000000
   7081.86816406	    417.91848755	    325.35636422	      0.11736975	      0.00000000	      0.00000000
   7581.86816406	    390.52621460	    326.73544913	      0.10876290	      0.00000000	      0.00000000
   8081.86816406	    364.53778076	    327.90224314	      0.09819138	      0.00000000	      0.00000000
   8581.86816406	    339.88348389	    328.92550102	      0.08667003	      0.00000000	      0.00000000
   9081.86816406	    316.50576782	    329.81830040	      0.07726287	      0.00000000	      0.00000000
   9581.86816406	    294.35296631	    330.62191949	      0.06714605	      0.00000000	      0.00000000
  10081.86816406	    273.37918091	    331.39253380	      0.05471420	      0.00000000	      0.00000000
  10581.86816406	    253.54191589	    332.17660009	      0.04181494	      0.00000000	      0.00000000
  11081.86816406	    234.80006409	    333.01971223	      0.03097808	      0.00000000	      0.00000000
  11581.86816406	    217.11508179	    333.97489144	      0.02209675	      0.00000000	      0.00000000
  12081.86816406	    200.45275879	    335.15338387	      0.01526222	      0.00000000	      0.00000000
  12581.86816406	    184.78660583	    336.76164000	      0.01028146	      0.00000000	      0.00000000
  13081.86816406	    170.10148621	    339.10546015	      0.00707303	      0.00000000	      0.00000000
  13581.86816406	    156.38949585	    342.58298529	      0.00524184	      0.00000000	      0.00000000
  14081.86816406	    143.63716125	    347.38944056	      0.00440172	      0.00000000	      0.00000000
  14581.86816406	    131.82206726	    353.46102876	      0.00406724	      0.00000000	      0.00000000
  15081.86816406	    120.92270660	    360.84034314	      0.00401677	      0.00000000	      0.00000000
  15581.86816406	    110.91461945	    369.72339241	      0.00419354	      0.00000000	      0.00000000
  16081.86816406	    101.74685669	    379.88563684	      0.00449834	      0.00000000	      0.00000000
  16581.86718750	     93.34278870	    390.46510930	      0.00468189	      0.00000000	      0.00000000
  17081.86718750	     85.63391113	    400.77868694	      0.00466113	      0.00000000	      0.00000000
  17581.86718750	     78.57398987	    411.11908022	      0.00449384	      0.00000000	      0.00000000
  18081.86718750	     72.12367249	    422.76136913	      0.00420810	      0.00000000	      0.00000000
  18581.86718750	     66.24240112	    437.10358128	      0.00384550	      0.00000000	      0.00000000
  19081.86718750	     60.89048767	    453.17083705	      0.00344839	      0.00000000	      0.00000000
  19581.86718750	     56.02623749	    470.03612121	      0.00296624	      0.00000000	      0.00000000
  20081.86718750	     51.60179138	    486.87814152	      0.00243543	      0.00000000	      0.00000000
  20590.05468750	     47.50469208	    503.65849390	      0.00187480	      0.00000000	      0.00000000
  21149.06054688	     43.41102982	    521.82058806	      0.00131592	      0.00000000	      0.00000000
  21763.96679688	     39.35195923	    541.83498573	      0.00088606	      0.00000000	      0.00000000
  22440.36328125	     35.35977936	    563.99195792	      0.00070616	      0.00000000	      0.00000000
  23184.40039062	     31.46791267	    588.53059964	      0.00070471	      0.00000000	      0.00000000
  24002.83984375	     27.71070290	    615.78376641	      0.00070465	      0.00000000	      0.00000000
  24903.12304688	     24.12192345	    646.08876925	      0.00070074	      0.00000000	      0.00000000
  25893.43554688	     20.73405457	    680.22298787	      0.00069980	      0.00000000	      0.00000000
  26982.77929688	     17.58037758	    719.55176829	      0.00070524	      0.00000000	      0.00000000
  10000.00,         64,    1009.32
     25.00000000	   1002.80670166	    297.47702211	     12.06622782	      0.00000000	      0.00000000
     75.00000000	    997.10217285	    297.38468595	     11.60495032	      0.00000000	      0.00000000
    127.84809875	    991.09533691	    297.36319681	     11.49605140	      0.00000000	      0.00000000
    186.71687317	    984.43383789	    297.35536860	     11.44504566	      0.00000000	      0.00000000
    252.29220581	    977.05078125	    297.35299924	     11.41472719	      0.00000000	      0.00000000
    325.33816528	    968.87298584	    297.35379305	     11.38735623	      0.00000000	      0.00000000
    406.70581055	    959.82110596	    297.35779282	     11.35724041	      0.00000000	      0.00000000
    497.34317017	    949.80914307	    297.36705322	     11.31420780	      0.00000000	      0.00000000
    598.30627441	    938.74456787	    297.38889746	     11.23894751	      0.00000000	      0.00000000
    710.77154541	    926.52856445	    297.45137686	     11.06294523	      0.00000000	      0.00000000
    836.04931641	    913.05712891	    297.65515786	     10.58681274	      0.00000000	      0.00000000
    975.59924316	    898.22705078	    298.30652940	      9.22719570	      0.00000000	      0.00000000
   1131.04724121	    881.94378662	    299.74569664	      6.46192525	      0.00000000	      0.00000000
   1304.20446777	    864.12036133	    301.51696289	      3.63676780	      0.00000000	      0.00000000
   1497.08850098	    844.65472412	    302.89526732	      2.26983931	      0.00000000	      0.00000000
   1711.94665527	    823.41900635	    303.75824847	      2.05928910	      0.00000000	      0.00000000
   1951.28234863	    800.27746582	    304.46350134	      2.26174767	      0.00000000	      0.00000000
   2217.88403320	    775.11303711	    305.36756501	      2.32170021	      0.00000000	      0.00000000
   2514.85815430	    747.83544922	    306.59983780	      1.98326588	      0.00000000	      0.00000000
   2845.66479492	    718.38159180	    308.13307426	      1.42425584	      0.00000000	      0.00000000
   3214.15820312	    686.71765137	    309.88077582	      1.00127653	      0.00000000	      0.00000000
   3624.63183594	    652.83337402	    311.71782762	      0.82242529	      0.00000000	      0.00000000
   4081.86840820	    616.73657227	    313.55394209	      0.78605380	      0.00000000	      0.00000000
   4581.86816406	    579.14990234	    315.38154217	      0.76328974	      0.00000000	      0.00000000
   5081.86816406	    543.42883301	    317.19585352	      0.67931378	      0.00000000	      0.00000000
   5581.86816406	    509.49429321	    319.23422830	      0.50347691	      0.00000000	      0.00000000
   6081.86816406	    477.30358887	    321.48837678	      0.29471230	      0.00000000	      0.00000000
   6581.86816406	    446.80780029	    323.61703945	      0.15960656	      0.00000000	      0.00000000
   7081.86816406	    417.91848755	    325.35636422	      0.11736975	      0.00000000	      0.00000000
   7581.86816406	    390.52621460	    326.73544913	      0.10876290	      0.00000000	      0.00000000
   8081.86816406	    364.53778076	    327.90224314	      0.09819138	      0.00000000	      0.00000000
   8581.86816406	    339.88348389	    328.92550102	      0.08667003	      0.00000000	      0.00000000
   9081.86816406	    316.50576782	    329.81830040	      0.07726287	      0.00000000	      0.00000000
   9581.86816406	    294.35296631	    330.62191949	      0.06714605	      0.00000000	      0.00000000
  10081.86816406	    273.37918091	    331.39253380	      0.05471420	      0.00000000	      0.00000000
  10581.86816406	    253.54191589	    332.17660009	      0.04181494	      0.00000000	      0.00000000
  11081.86816406	    234.80006409	    333.01971223	      0.03097808	      0.00000000	      0.00000000
  11581.86816406	    217.11508179	    333.97489144	      0.02209675	      0.00000000	      0.00000000
  12081.86816406	    200.45275879	    335.15338387	      0.01526222	      0.00000000	      0.00000000
  12581.86816406	    184.78660583	    336.76164000	      0.01028146	      0.00000000	      0.00000000
  13081.86816406	    170.10148621	    339.10546015	      0.00707303	      0.00000000	      0.00000000
  13581.86816406	    156.38949585	    342.58298529	      0.00524184	      0.00000000	      0.00000000
  14081.86816406	    143.63716125	    347.38944056	      0.00440172	      0.00000000	      0.00000000
  14581.86816406	    131.82206726	    353.46102876	      0.00406724	      0.00000000	      0.00000000
  15081.86816406	    120.92270660	    360.84034314	      0.00401677	      0.00000000	      0.00000000
  15581.86816406	    110.91461945	    369.72339241	      0.00419354	      0.00000000	      0.00000000
  16081.86816406	    101.74685669	    379.88563684	      0.00449834	      0.00000000	      0.00000000
  16581.86718750	     93.34278870	    390.46510930	      0.00468189	      0.00000000	      0.00000000
  17081.86718750	     85.63391113	    400.77868694	      0.00466113	      0.00000000	      0.00000000
  17581.86718750	     78.57398987	    411.11908022	      0.00449384	      0.00000000	      0.00000000
  18081.86718750	     72.12367249	    422.76136913	      0.00420810	      0.00000000	      0.00000000
  18581.86718750	     66.24240112	    437.10358128	      0.00384550	      0.00000000	      0.00000000
  19081.86718750	     60.89048767	    453.17083705	      0.00344839	      0.00000000	      0.00000000
  19581.86718750	     56.02623749	    470.03612121	      0.00296624	      0.00000000	      0.00000000
  20081.86718750	     51.60179138	    486.87814152	      0.00243543	      0.00000000	      0.00000000
  20590.05468750	     47.50469208	    503.65849390	      0.00187480	      0.00000000	      0.00000000
  21149.06054688	     43.41102982	    521.82058806	      0.00131592	      0.00000000	      0.00000000
  21763.96679688	     39.35195923	    541.83498573	      0.00088606	      0.00000000	      0.00000000
  22440.36328125	     35.35977936	    563.99195792	      0.00070616	      0.00000000	      0.00000000
  23184.40039062	     31.46791267	    588.53059964	      0.00070471	      0.00000000	      0.00000000
  24002.83984375	     27.71070290	    615.78376641	      0.00070465	      0.00000000	      0.00000000
  24903.12304688	     24.12192345	    646.08876925	      0.00070074	      0.00000000	      0.00000000
  25893.43554688	     20.73405457	    680.22298787	      0.00069980	      0.00000000	      0.00000000
  26982.77929688	     17.58037758	    719.55176829	      0.00070524	      0.00000000	      0.00000000
