      z[m]      p[mb]      tp[K]    q[g/kg]     u[m/s]     v[m/s]
      0.00,         64,    1009.32
     25.00000000	   1002.80310059	    297.40536320	     11.50857185	      0.00000000	      0.00000000
     75.00000000	    997.09545898	    297.31232531	     11.03653093	      0.00000000	      0.00000000
    127.84809875	    991.08532715	    297.29120187	     10.92773315	      0.00000000	      0.00000000
    186.71687317	    984.42016602	    297.28347443	     10.87668736	      0.00000000	      0.00000000
    252.29220581	    977.03308105	    297.28101856	     10.84674608	      0.00000000	      0.00000000
    325.33816528	    968.85089111	    297.28158280	     10.81949744	      0.00000000	      0.00000000
    406.70581055	    959.79406738	    297.28502910	     10.78976768	      0.00000000	      0.00000000
    497.34317017	    949.77673340	    297.29320552	     10.74803638	      0.00000000	      0.00000000
    598.30627441	    938.70623779	    297.31157634	     10.67879903	      0.00000000	      0.00000000
    710.77154541	    926.48352051	    297.36745675	     10.51115589	      0.00000000	      0.00000000
    836.04931641	    913.00482178	    297.58159896	      9.97955328	      0.00000000	      0.00000000
    975.59924316	    898.16870117	    298.40600662	      8.19105329	      0.00000000	      0.00000000
   1131.04724121	    881.88732910	    300.22910915	      4.75753690	      0.00000000	      0.00000000
   1304.20446777	    864.07745361	    302.16914134	      2.04990036	      0.00000000	      0.00000000
   1497.08850098	    844.62915039	    303.35974945	      1.34414556	      0.00000000	      0.00000000
   1711.94665527	    823.40313721	    303.98503367	      1.49858869	      0.00000000	      0.00000000
   1951.28234863	    800.26293945	    304.62250614	      1.67871221	      0.00000000	      0.00000000
   2217.88403320	    775.09753418	    305.55807228	      1.59701658	      0.00000000	      0.00000000
   2514.85815430	    747.81964111	    306.79199984	      1.28156973	      0.00000000	      0.00000000
   2845.66479492	    718.36614990	    308.30409630	      0.93223658	      0.00000000	      0.00000000
   3214.15820312	    686.70422363	    310.04554014	      0.72383347	      0.00000000	      0.00000000
   3624.63183594	    652.82391357	    311.88552350	      0.67715029	      0.00000000	      0.00000000
   4081.86840820	    616.73187256	    313.71524646	      0.69617617	      0.00000000	      0.00000000
   4581.86816406	    579.14929199	    315.53257436	      0.66619767	      0.00000000	      0.00000000
   5081.86816406	    543.43231201	    317.35475889	      0.55264128	      0.00000000	      0.00000000
   5581.86816406	    509.50262451	    319.38601340	      0.38773396	      0.00000000	      0.00000000
   6081.86816406	    477.31536865	    321.59476485	      0.23791899	      0.00000000	      0.00000000
   6581.86816406	    446.82022095	    323.69315235	      0.14484311	      0.00000000	      0.00000000
   7081.86816406	    417.93072510	    325.45773110	      0.11055868	      0.00000000	      0.00000000
   7581.86816406	    390.53897095	    326.87291135	      0.10068626	      0.00000000	      0.00000000
   8081.86816406	    364.55130005	    328.05164133	      0.09249169	      0.00000000	      0.00000000
   8581.86816406	    339.89736938	    329.06675628	      0.08444067	      0.00000000	      0.00000000
   9081.86816406	    316.51971436	    329.95245361	      0.07491634	      0.00000000	      0.00000000
   9581.86816406	    294.36752319	    330.77336293	      0.06280797	      0.00000000	      0.00000000
  10081.86816406	    273.39535522	    331.57200166	      0.05067240	      0.00000000	      0.00000000
  10581.86816406	    253.56011963	    332.37281957	      0.03954774	      0.00000000	      0.00000000
  11081.86816406	    234.81953430	    333.20820686	      0.02984243	      0.00000000	      0.00000000
  11581.86816406	    217.13458252	    334.14456387	      0.02150648	      0.00000000	      0.00000000
  12081.86816406	    200.47085571	    335.27738210	      0.01487923	      0.00000000	      0.00000000
  12581.86816406	    184.80139160	    336.82573944	      0.01017398	      0.00000000	      0.00000000
  13081.86816406	    170.11224365	    339.17716085	      0.00714042	      0.00000000	      0.00000000
  13581.86816406	    156.39778137	    342.70079360	      0.00527619	      0.00000000	      0.00000000
  14081.86816406	    143.64518738	    347.48693423	      0.00437432	      0.00000000	      0.00000000
  14581.86816406	    131.83152771	    353.48541841	      0.00406173	      0.00000000	      0.00000000
  15081.86816406	    120.93348694	    360.76831952	      0.00404051	      0.00000000	      0.00000000
  15581.86816406	    110.92504120	    369.67317204	      0.00423694	      0.00000000	      0.00000000
  16081.86816406	    101.75514984	    379.87781173	      0.00451951	      0.00000000	      0.00000000
  16581.86718750	     93.34632874	    390.33178796	      0.00471740	      0.00000000	      0.00000000
  17081.86718750	     85.63134003	    400.63705560	      0.00469578	      0.00000000	      0.00000000
  17581.86718750	     78.56681061	    411.09334734	      0.00451063	      0.00000000	      0.00000000
  18081.86718750	     72.11325836	    422.72689159	      0.00425198	      0.00000000	      0.00000000
  18581.86718750	     66.23036194	    437.23513211	      0.00387146	      0.00000000	      0.00000000
  19081.86718750	     60.87851715	    453.34573764	      0.00345442	      0.00000000	      0.00000000
  19581.86718750	     56.01497650	    470.20072987	      0.00296350	      0.00000000	      0.00000000
  20081.86718750	     51.59143448	    487.03181297	      0.00243087	      0.00000000	      0.00000000
  20590.05468750	     47.49525070	    503.82040825	      0.00187284	      0.00000000	      0.00000000
  21149.06054688	     43.40246201	    522.00663168	      0.00131814	      0.00000000	      0.00000000
  21763.96679688	     39.34428024	    542.02803754	      0.00089113	      0.00000000	      0.00000000
  22440.36328125	     35.35300446	    564.17141087	      0.00070957	      0.00000000	      0.00000000
  23184.40039062	     31.46200371	    588.68736904	      0.00070802	      0.00000000	      0.00000000
  24002.83984375	     27.70561790	    615.92865050	      0.00070801	      0.00000000	      0.00000000
  24903.12304688	     24.11765862	    646.22697371	      0.00070431	      0.00000000	      0.00000000
  25893.43554688	     20.73058891	    680.34398877	      0.00070325	      0.00000000	      0.00000000
  26982.77929688	     17.57762146	    719.64505266	      0.00070859	      0.00000000	      0.00000000
  10000.00,         64,    1009.32
     25.00000000	   1002.80310059	    297.40536320	     11.50857185	      0.00000000	      0.00000000
     75.00000000	    997.09545898	    297.31232531	     11.03653093	      0.00000000	      0.00000000
    127.84809875	    991.08532715	    297.29120187	     10.92773315	      0.00000000	      0.00000000
    186.71687317	    984.42016602	    297.28347443	     10.87668736	      0.00000000	      0.00000000
    252.29220581	    977.03308105	    297.28101856	     10.84674608	      0.00000000	      0.00000000
    325.33816528	    968.85089111	    297.28158280	     10.81949744	      0.00000000	      0.00000000
    406.70581055	    959.79406738	    297.28502910	     10.78976768	      0.00000000	      0.00000000
    497.34317017	    949.77673340	    297.29320552	     10.74803638	      0.00000000	      0.00000000
    598.30627441	    938.70623779	    297.31157634	     10.67879903	      0.00000000	      0.00000000
    710.77154541	    926.48352051	    297.36745675	     10.51115589	      0.00000000	      0.00000000
    836.04931641	    913.00482178	    297.58159896	      9.97955328	      0.00000000	      0.00000000
    975.59924316	    898.16870117	    298.40600662	      8.19105329	      0.00000000	      0.00000000
   1131.04724121	    881.88732910	    300.22910915	      4.75753690	      0.00000000	      0.00000000
   1304.20446777	    864.07745361	    302.16914134	      2.04990036	      0.00000000	      0.00000000
   1497.08850098	    844.62915039	    303.35974945	      1.34414556	      0.00000000	      0.00000000
   1711.94665527	    823.40313721	    303.98503367	      1.49858869	      0.00000000	      0.00000000
   1951.28234863	    800.26293945	    304.62250614	      1.67871221	      0.00000000	      0.00000000
   2217.88403320	    775.09753418	    305.55807228	      1.59701658	      0.00000000	      0.00000000
   2514.85815430	    747.81964111	    306.79199984	      1.28156973	      0.00000000	      0.00000000
   2845.66479492	    718.36614990	    308.30409630	      0.93223658	      0.00000000	      0.00000000
   3214.15820312	    686.70422363	    310.04554014	      0.72383347	      0.00000000	      0.00000000
   3624.63183594	    652.82391357	    311.88552350	      0.67715029	      0.00000000	      0.00000000
   4081.86840820	    616.73187256	    313.71524646	      0.69617617	      0.00000000	      0.00000000
   4581.86816406	    579.14929199	    315.53257436	      0.66619767	      0.00000000	      0.00000000
   5081.86816406	    543.43231201	    317.35475889	      0.55264128	      0.00000000	      0.00000000
   5581.86816406	    509.50262451	    319.38601340	      0.38773396	      0.00000000	      0.00000000
   6081.86816406	    477.31536865	    321.59476485	      0.23791899	      0.00000000	      0.00000000
   6581.86816406	    446.82022095	    323.69315235	      0.14484311	      0.00000000	      0.00000000
   7081.86816406	    417.93072510	    325.45773110	      0.11055868	      0.00000000	      0.00000000
   7581.86816406	    390.53897095	    326.87291135	      0.10068626	      0.00000000	      0.00000000
   8081.86816406	    364.55130005	    328.05164133	      0.09249169	      0.00000000	      0.00000000
   8581.86816406	    339.89736938	    329.06675628	      0.08444067	      0.00000000	      0.00000000
   9081.86816406	    316.51971436	    329.95245361	      0.07491634	      0.00000000	      0.00000000
   9581.86816406	    294.36752319	    330.77336293	      0.06280797	      0.00000000	      0.00000000
  10081.86816406	    273.39535522	    331.57200166	      0.05067240	      0.00000000	      0.00000000
  10581.86816406	    253.56011963	    332.37281957	      0.03954774	      0.00000000	      0.00000000
  11081.86816406	    234.81953430	    333.20820686	      0.02984243	      0.00000000	      0.00000000
  11581.86816406	    217.13458252	    334.14456387	      0.02150648	      0.00000000	      0.00000000
  12081.86816406	    200.47085571	    335.27738210	      0.01487923	      0.00000000	      0.00000000
  12581.86816406	    184.80139160	    336.82573944	      0.01017398	      0.00000000	      0.00000000
  13081.86816406	    170.11224365	    339.17716085	      0.00714042	      0.00000000	      0.00000000
  13581.86816406	    156.39778137	    342.70079360	      0.00527619	      0.00000000	      0.00000000
  14081.86816406	    143.64518738	    347.48693423	      0.00437432	      0.00000000	      0.00000000
  14581.86816406	    131.83152771	    353.48541841	      0.00406173	      0.00000000	      0.00000000
  15081.86816406	    120.93348694	    360.76831952	      0.00404051	      0.00000000	      0.00000000
  15581.86816406	    110.92504120	    369.67317204	      0.00423694	      0.00000000	      0.00000000
  16081.86816406	    101.75514984	    379.87781173	      0.00451951	      0.00000000	      0.00000000
  16581.86718750	     93.34632874	    390.33178796	      0.00471740	      0.00000000	      0.00000000
  17081.86718750	     85.63134003	    400.63705560	      0.00469578	      0.00000000	      0.00000000
  17581.86718750	     78.56681061	    411.09334734	      0.00451063	      0.00000000	      0.00000000
  18081.86718750	     72.11325836	    422.72689159	      0.00425198	      0.00000000	      0.00000000
  18581.86718750	     66.23036194	    437.23513211	      0.00387146	      0.00000000	      0.00000000
  19081.86718750	     60.87851715	    453.34573764	      0.00345442	      0.00000000	      0.00000000
  19581.86718750	     56.01497650	    470.20072987	      0.00296350	      0.00000000	      0.00000000
  20081.86718750	     51.59143448	    487.03181297	      0.00243087	      0.00000000	      0.00000000
  20590.05468750	     47.49525070	    503.82040825	      0.00187284	      0.00000000	      0.00000000
  21149.06054688	     43.40246201	    522.00663168	      0.00131814	      0.00000000	      0.00000000
  21763.96679688	     39.34428024	    542.02803754	      0.00089113	      0.00000000	      0.00000000
  22440.36328125	     35.35300446	    564.17141087	      0.00070957	      0.00000000	      0.00000000
  23184.40039062	     31.46200371	    588.68736904	      0.00070802	      0.00000000	      0.00000000
  24002.83984375	     27.70561790	    615.92865050	      0.00070801	      0.00000000	      0.00000000
  24903.12304688	     24.11765862	    646.22697371	      0.00070431	      0.00000000	      0.00000000
  25893.43554688	     20.73058891	    680.34398877	      0.00070325	      0.00000000	      0.00000000
  26982.77929688	     17.57762146	    719.64505266	      0.00070859	      0.00000000	      0.00000000
