      z[m]      p[mb]      tp[K]    q[g/kg]     u[m/s]     v[m/s]
      0.00,         64,    1009.32
     25.00000000	   1002.73266602	    297.56072286	     12.57007771	      0.00000000	      0.00000000
     75.00000000	    997.03137207	    297.46766745	     12.10820268	      0.00000000	      0.00000000
    127.84809875	    991.02801514	    297.44622703	     11.99813340	      0.00000000	      0.00000000
    186.71687317	    984.37030029	    297.43887259	     11.94607234	      0.00000000	      0.00000000
    252.29220581	    976.99145508	    297.43711097	     11.91464465	      0.00000000	      0.00000000
    325.33816528	    968.81835938	    297.43874373	     11.88571031	      0.00000000	      0.00000000
    406.70581055	    959.77166748	    297.44418103	     11.85215887	      0.00000000	      0.00000000
    497.34317017	    949.76556396	    297.45618204	     11.80321717	      0.00000000	      0.00000000
    598.30627441	    938.70739746	    297.48328198	     11.71644253	      0.00000000	      0.00000000
    710.77154541	    926.49871826	    297.55570785	     11.52260010	      0.00000000	      0.00000000
    836.04931641	    913.03564453	    297.76443499	     11.05036210	      0.00000000	      0.00000000
    975.59924316	    898.21411133	    298.33501381	      9.91376023	      0.00000000	      0.00000000
   1131.04724121	    881.93609619	    299.52349145	      7.70596547	      0.00000000	      0.00000000
   1304.20446777	    864.10992432	    301.07794926	      5.14622865	      0.00000000	      0.00000000
   1497.08850098	    844.63555908	    302.51197982	      3.39370350	      0.00000000	      0.00000000
   1711.94665527	    823.39300537	    303.56145175	      2.75087109	      0.00000000	      0.00000000
   1951.28234863	    800.25079346	    304.37927363	      2.76946511	      0.00000000	      0.00000000
   2217.88403320	    775.08990479	    305.29487405	      2.91624975	      0.00000000	      0.00000000
   2514.85815430	    747.81744385	    306.51609379	      2.70168498	      0.00000000	      0.00000000
   2845.66479492	    718.36907959	    308.05909811	      2.06784369	      0.00000000	      0.00000000
   3214.15820312	    686.70947266	    309.82315294	      1.41144802	      0.00000000	      0.00000000
   3624.63183594	    652.82739258	    311.66262572	      1.06286486	      0.00000000	      0.00000000
   4081.86840820	    616.73114014	    313.48542559	      0.99996814	      0.00000000	      0.00000000
   4581.86816406	    579.14453125	    315.30246513	      1.01207199	      0.00000000	      0.00000000
   5081.86816406	    543.42535400	    317.16376875	      0.89161809	      0.00000000	      0.00000000
   5581.86816406	    509.49618530	    319.27026657	      0.61813064	      0.00000000	      0.00000000
   6081.86816406	    477.31188965	    321.53149149	      0.35328133	      0.00000000	      0.00000000
   6581.86816406	    446.82101440	    323.63619945	      0.19009768	      0.00000000	      0.00000000
   7081.86816406	    417.93515015	    325.34993565	      0.14073403	      0.00000000	      0.00000000
   7581.86816406	    390.54510498	    326.70845641	      0.13056658	      0.00000000	      0.00000000
   8081.86816406	    364.55706787	    327.84834285	      0.11623974	      0.00000000	      0.00000000
   8581.86816406	    339.90084839	    328.85046937	      0.09835154	      0.00000000	      0.00000000
   9081.86816406	    316.51965332	    329.73680126	      0.08279169	      0.00000000	      0.00000000
   9581.86816406	    294.36322021	    330.54757146	      0.07056731	      0.00000000	      0.00000000
  10081.86816406	    273.38653564	    331.32978760	      0.05779577	      0.00000000	      0.00000000
  10581.86816406	    253.54722595	    332.12048797	      0.04451163	      0.00000000	      0.00000000
  11081.86816406	    234.80383301	    332.96716105	      0.03231268	      0.00000000	      0.00000000
  11581.86816406	    217.11766052	    333.92564372	      0.02244103	      0.00000000	      0.00000000
  12081.86816406	    200.45475769	    335.12122063	      0.01514073	      0.00000000	      0.00000000
  12581.86816406	    184.78948975	    336.77168545	      0.01007397	      0.00000000	      0.00000000
  13081.86816406	    170.10678101	    339.15370915	      0.00688320	      0.00000000	      0.00000000
  13581.86816406	    156.39633179	    342.58197334	      0.00514140	      0.00000000	      0.00000000
  14081.86816406	    143.64187622	    347.28058730	      0.00438321	      0.00000000	      0.00000000
  14581.86816406	    131.82180786	    353.31066063	      0.00404339	      0.00000000	      0.00000000
  15081.86816406	    120.91828918	    360.75129354	      0.00398374	      0.00000000	      0.00000000
  15581.86816406	    110.90966034	    369.76681968	      0.00415888	      0.00000000	      0.00000000
  16081.86816406	    101.74478149	    380.03297612	      0.00448332	      0.00000000	      0.00000000
  16581.86718750	     93.34467316	    390.61144916	      0.00469755	      0.00000000	      0.00000000
  17081.86718750	     85.63892365	    400.83608389	      0.00466721	      0.00000000	      0.00000000
  17581.86718750	     78.58033752	    411.01910142	      0.00447570	      0.00000000	      0.00000000
  18081.86718750	     72.12937927	    422.55166407	      0.00418609	      0.00000000	      0.00000000
  18581.86718750	     66.24708557	    436.96221034	      0.00383208	      0.00000000	      0.00000000
  19081.86718750	     60.89459991	    453.05166074	      0.00343918	      0.00000000	      0.00000000
  19581.86718750	     56.02968216	    469.90569320	      0.00296495	      0.00000000	      0.00000000
  20081.86718750	     51.60471725	    486.79957604	      0.00243615	      0.00000000	      0.00000000
  20590.05468750	     47.50741959	    503.60421480	      0.00187611	      0.00000000	      0.00000000
  21149.06054688	     43.41358948	    521.75022056	      0.00131594	      0.00000000	      0.00000000
  21763.96679688	     39.35420227	    541.74298412	      0.00088391	      0.00000000	      0.00000000
  22440.36328125	     35.36167145	    563.90918638	      0.00070484	      0.00000000	      0.00000000
  23184.40039062	     31.46952248	    588.45896137	      0.00070344	      0.00000000	      0.00000000
  24002.83984375	     27.71202850	    615.70943452	      0.00070339	      0.00000000	      0.00000000
  24903.12304688	     24.12292099	    646.00998456	      0.00069948	      0.00000000	      0.00000000
  25893.43554688	     20.73473358	    680.15743015	      0.00069859	      0.00000000	      0.00000000
  26982.77929688	     17.58079910	    719.50043997	      0.00070383	      0.00000000	      0.00000000
  10000.00,         64,    1009.32
     25.00000000	   1002.73266602	    297.56072286	     12.57007771	      0.00000000	      0.00000000
     75.00000000	    997.03137207	    297.46766745	     12.10820268	      0.00000000	      0.00000000
    127.84809875	    991.02801514	    297.44622703	     11.99813340	      0.00000000	      0.00000000
    186.71687317	    984.37030029	    297.43887259	     11.94607234	      0.00000000	      0.00000000
    252.29220581	    976.99145508	    297.43711097	     11.91464465	      0.00000000	      0.00000000
    325.33816528	    968.81835938	    297.43874373	     11.88571031	      0.00000000	      0.00000000
    406.70581055	    959.77166748	    297.44418103	     11.85215887	      0.00000000	      0.00000000
    497.34317017	    949.76556396	    297.45618204	     11.80321717	      0.00000000	      0.00000000
    598.30627441	    938.70739746	    297.48328198	     11.71644253	      0.00000000	      0.00000000
    710.77154541	    926.49871826	    297.55570785	     11.52260010	      0.00000000	      0.00000000
    836.04931641	    913.03564453	    297.76443499	     11.05036210	      0.00000000	      0.00000000
    975.59924316	    898.21411133	    298.33501381	      9.91376023	      0.00000000	      0.00000000
   1131.04724121	    881.93609619	    299.52349145	      7.70596547	      0.00000000	      0.00000000
   1304.20446777	    864.10992432	    301.07794926	      5.14622865	      0.00000000	      0.00000000
   1497.08850098	    844.63555908	    302.51197982	      3.39370350	      0.00000000	      0.00000000
   1711.94665527	    823.39300537	    303.56145175	      2.75087109	      0.00000000	      0.00000000
   1951.28234863	    800.25079346	    304.37927363	      2.76946511	      0.00000000	      0.00000000
   2217.88403320	    775.08990479	    305.29487405	      2.91624975	      0.00000000	      0.00000000
   2514.85815430	    747.81744385	    306.51609379	      2.70168498	      0.00000000	      0.00000000
   2845.66479492	    718.36907959	    308.05909811	      2.06784369	      0.00000000	      0.00000000
   3214.15820312	    686.70947266	    309.82315294	      1.41144802	      0.00000000	      0.00000000
   3624.63183594	    652.82739258	    311.66262572	      1.06286486	      0.00000000	      0.00000000
   4081.86840820	    616.73114014	    313.48542559	      0.99996814	      0.00000000	      0.00000000
   4581.86816406	    579.14453125	    315.30246513	      1.01207199	      0.00000000	      0.00000000
   5081.86816406	    543.42535400	    317.16376875	      0.89161809	      0.00000000	      0.00000000
   5581.86816406	    509.49618530	    319.27026657	      0.61813064	      0.00000000	      0.00000000
   6081.86816406	    477.31188965	    321.53149149	      0.35328133	      0.00000000	      0.00000000
   6581.86816406	    446.82101440	    323.63619945	      0.19009768	      0.00000000	      0.00000000
   7081.86816406	    417.93515015	    325.34993565	      0.14073403	      0.00000000	      0.00000000
   7581.86816406	    390.54510498	    326.70845641	      0.13056658	      0.00000000	      0.00000000
   8081.86816406	    364.55706787	    327.84834285	      0.11623974	      0.00000000	      0.00000000
   8581.86816406	    339.90084839	    328.85046937	      0.09835154	      0.00000000	      0.00000000
   9081.86816406	    316.51965332	    329.73680126	      0.08279169	      0.00000000	      0.00000000
   9581.86816406	    294.36322021	    330.54757146	      0.07056731	      0.00000000	      0.00000000
  10081.86816406	    273.38653564	    331.32978760	      0.05779577	      0.00000000	      0.00000000
  10581.86816406	    253.54722595	    332.12048797	      0.04451163	      0.00000000	      0.00000000
  11081.86816406	    234.80383301	    332.96716105	      0.03231268	      0.00000000	      0.00000000
  11581.86816406	    217.11766052	    333.92564372	      0.02244103	      0.00000000	      0.00000000
  12081.86816406	    200.45475769	    335.12122063	      0.01514073	      0.00000000	      0.00000000
  12581.86816406	    184.78948975	    336.77168545	      0.01007397	      0.00000000	      0.00000000
  13081.86816406	    170.10678101	    339.15370915	      0.00688320	      0.00000000	      0.00000000
  13581.86816406	    156.39633179	    342.58197334	      0.00514140	      0.00000000	      0.00000000
  14081.86816406	    143.64187622	    347.28058730	      0.00438321	      0.00000000	      0.00000000
  14581.86816406	    131.82180786	    353.31066063	      0.00404339	      0.00000000	      0.00000000
  15081.86816406	    120.91828918	    360.75129354	      0.00398374	      0.00000000	      0.00000000
  15581.86816406	    110.90966034	    369.76681968	      0.00415888	      0.00000000	      0.00000000
  16081.86816406	    101.74478149	    380.03297612	      0.00448332	      0.00000000	      0.00000000
  16581.86718750	     93.34467316	    390.61144916	      0.00469755	      0.00000000	      0.00000000
  17081.86718750	     85.63892365	    400.83608389	      0.00466721	      0.00000000	      0.00000000
  17581.86718750	     78.58033752	    411.01910142	      0.00447570	      0.00000000	      0.00000000
  18081.86718750	     72.12937927	    422.55166407	      0.00418609	      0.00000000	      0.00000000
  18581.86718750	     66.24708557	    436.96221034	      0.00383208	      0.00000000	      0.00000000
  19081.86718750	     60.89459991	    453.05166074	      0.00343918	      0.00000000	      0.00000000
  19581.86718750	     56.02968216	    469.90569320	      0.00296495	      0.00000000	      0.00000000
  20081.86718750	     51.60471725	    486.79957604	      0.00243615	      0.00000000	      0.00000000
  20590.05468750	     47.50741959	    503.60421480	      0.00187611	      0.00000000	      0.00000000
  21149.06054688	     43.41358948	    521.75022056	      0.00131594	      0.00000000	      0.00000000
  21763.96679688	     39.35420227	    541.74298412	      0.00088391	      0.00000000	      0.00000000
  22440.36328125	     35.36167145	    563.90918638	      0.00070484	      0.00000000	      0.00000000
  23184.40039062	     31.46952248	    588.45896137	      0.00070344	      0.00000000	      0.00000000
  24002.83984375	     27.71202850	    615.70943452	      0.00070339	      0.00000000	      0.00000000
  24903.12304688	     24.12292099	    646.00998456	      0.00069948	      0.00000000	      0.00000000
  25893.43554688	     20.73473358	    680.15743015	      0.00069859	      0.00000000	      0.00000000
  26982.77929688	     17.58079910	    719.50043997	      0.00070383	      0.00000000	      0.00000000
