      z[m]      p[mb]      tp[K]    q[g/kg]     u[m/s]     v[m/s]
      0.00,         64,    1009.32
     25.00000000	   1002.64929199	    297.63308804	     13.11677108	      0.00000000	      0.00000000
     75.00000000	    996.95141602	    297.53811286	     12.65028378	      0.00000000	      0.00000000
    127.84809875	    990.95159912	    297.51728470	     12.53891366	      0.00000000	      0.00000000
    186.71687317	    984.29791260	    297.51085459	     12.48634991	      0.00000000	      0.00000000
    252.29220581	    976.92340088	    297.51022137	     12.45321261	      0.00000000	      0.00000000
    325.33816528	    968.75518799	    297.51339740	     12.42126190	      0.00000000	      0.00000000
    406.70581055	    959.71380615	    297.52116174	     12.38285305	      0.00000000	      0.00000000
    497.34317017	    949.71362305	    297.53720637	     12.32464017	      0.00000000	      0.00000000
    598.30627441	    938.66210938	    297.57314975	     12.21873630	      0.00000000	      0.00000000
    710.77154541	    926.46099854	    297.66530877	     11.98758430	      0.00000000	      0.00000000
    836.04931641	    913.00714111	    297.91051706	     11.45992797	      0.00000000	      0.00000000
    975.59924316	    898.19677734	    298.48075276	     10.39968274	      0.00000000	      0.00000000
   1131.04724121	    881.92968750	    299.50294971	      8.67532733	      0.00000000	      0.00000000
   1304.20446777	    864.10943604	    300.81634850	      6.64159385	      0.00000000	      0.00000000
   1497.08850098	    844.63299561	    302.10569382	      4.95894296	      0.00000000	      0.00000000
   1711.94665527	    823.38342285	    303.21637097	      3.95833850	      0.00000000	      0.00000000
   1951.28234863	    800.23669434	    304.20517484	      3.52453338	      0.00000000	      0.00000000
   2217.88403320	    775.07751465	    305.25251567	      3.38693759	      0.00000000	      0.00000000
   2514.85815430	    747.81170654	    306.51102869	      3.14110778	      0.00000000	      0.00000000
   2845.66479492	    718.37145996	    308.02905810	      2.56544247	      0.00000000	      0.00000000
   3214.15820312	    686.71777344	    309.75395242	      1.84729021	      0.00000000	      0.00000000
   3624.63183594	    652.83728027	    311.57350339	      1.34612671	      0.00000000	      0.00000000
   4081.86840820	    616.73999023	    313.41374767	      1.14810735	      0.00000000	      0.00000000
   4581.86816406	    579.15472412	    315.29092520	      1.09423863	      0.00000000	      0.00000000
   5081.86816406	    543.44226074	    317.19371865	      0.99863899	      0.00000000	      0.00000000
   5581.86816406	    509.52090454	    319.26568949	      0.76943662	      0.00000000	      0.00000000
   6081.86816406	    477.33895874	    321.44537493	      0.48787825	      0.00000000	      0.00000000
   6581.86816406	    446.84399414	    323.50549899	      0.27262202	      0.00000000	      0.00000000
   7081.86816406	    417.95330811	    325.25772422	      0.17028589	      0.00000000	      0.00000000
   7581.86816406	    390.56127930	    326.64541458	      0.13818440	      0.00000000	      0.00000000
   8081.86816406	    364.57153320	    327.75717210	      0.12399818	      0.00000000	      0.00000000
   8581.86816406	    339.91174316	    328.72610154	      0.10763383	      0.00000000	      0.00000000
   9081.86816406	    316.52648926	    329.61823178	      0.09116392	      0.00000000	      0.00000000
   9581.86816406	    294.36727905	    330.45172321	      0.07622267	      0.00000000	      0.00000000
  10081.86816406	    273.38906860	    331.24506103	      0.06082142	      0.00000000	      0.00000000
  10581.86816406	    253.54846191	    332.03217931	      0.04602737	      0.00000000	      0.00000000
  11081.86816406	    234.80380249	    332.87481506	      0.03303821	      0.00000000	      0.00000000
  11581.86816406	    217.11692810	    333.84379062	      0.02268081	      0.00000000	      0.00000000
  12081.86816406	    200.45463562	    335.06972449	      0.01509002	      0.00000000	      0.00000000
  12581.86816406	    184.79153442	    336.76218526	      0.00997160	      0.00000000	      0.00000000
  13081.86816406	    170.11203003	    339.18264611	      0.00684122	      0.00000000	      0.00000000
  13581.86816406	    156.40470886	    342.62265654	      0.00513088	      0.00000000	      0.00000000
  14081.86816406	    143.65272522	    347.33265932	      0.00433719	      0.00000000	      0.00000000
  14581.86816406	    131.83476257	    353.39512079	      0.00402969	      0.00000000	      0.00000000
  15081.86816406	    120.93204498	    360.80186599	      0.00400079	      0.00000000	      0.00000000
  15581.86816406	    110.92182159	    369.70373979	      0.00416981	      0.00000000	      0.00000000
  16081.86816406	    101.75320435	    379.81235514	      0.00445740	      0.00000000	      0.00000000
  16581.86718750	     93.34712982	    390.21015176	      0.00465805	      0.00000000	      0.00000000
  17081.86718750	     85.63485718	    400.43895396	      0.00462834	      0.00000000	      0.00000000
  17581.86718750	     78.57287598	    410.84947076	      0.00444904	      0.00000000	      0.00000000
  18081.86718750	     72.12297058	    422.63277182	      0.00416435	      0.00000000	      0.00000000
  18581.86718750	     66.24320221	    437.00357230	      0.00381736	      0.00000000	      0.00000000
  19081.86718750	     60.89236832	    453.07432949	      0.00343460	      0.00000000	      0.00000000
  19581.86718750	     56.02827454	    469.88284453	      0.00296501	      0.00000000	      0.00000000
  20081.86718750	     51.60350418	    486.74438637	      0.00243657	      0.00000000	      0.00000000
  20590.05468750	     47.50625610	    503.55229892	      0.00187516	      0.00000000	      0.00000000
  21149.06054688	     43.41256332	    521.69943594	      0.00131473	      0.00000000	      0.00000000
  21763.96679688	     39.35334015	    541.68327134	      0.00088355	      0.00000000	      0.00000000
  22440.36328125	     35.36089706	    563.84992627	      0.00070438	      0.00000000	      0.00000000
  23184.40039062	     31.46882248	    588.41114509	      0.00070289	      0.00000000	      0.00000000
  24002.83984375	     27.71140671	    615.66536248	      0.00070287	      0.00000000	      0.00000000
  24903.12304688	     24.12235832	    645.97237881	      0.00069892	      0.00000000	      0.00000000
  25893.43554688	     20.73425865	    680.14474719	      0.00069789	      0.00000000	      0.00000000
  26982.77929688	     17.58043671	    719.50118702	      0.00070248	      0.00000000	      0.00000000
  10000.00,         64,    1009.32
     25.00000000	   1002.64929199	    297.63308804	     13.11677108	      0.00000000	      0.00000000
     75.00000000	    996.95141602	    297.53811286	     12.65028378	      0.00000000	      0.00000000
    127.84809875	    990.95159912	    297.51728470	     12.53891366	      0.00000000	      0.00000000
    186.71687317	    984.29791260	    297.51085459	     12.48634991	      0.00000000	      0.00000000
    252.29220581	    976.92340088	    297.51022137	     12.45321261	      0.00000000	      0.00000000
    325.33816528	    968.75518799	    297.51339740	     12.42126190	      0.00000000	      0.00000000
    406.70581055	    959.71380615	    297.52116174	     12.38285305	      0.00000000	      0.00000000
    497.34317017	    949.71362305	    297.53720637	     12.32464017	      0.00000000	      0.00000000
    598.30627441	    938.66210938	    297.57314975	     12.21873630	      0.00000000	      0.00000000
    710.77154541	    926.46099854	    297.66530877	     11.98758430	      0.00000000	      0.00000000
    836.04931641	    913.00714111	    297.91051706	     11.45992797	      0.00000000	      0.00000000
    975.59924316	    898.19677734	    298.48075276	     10.39968274	      0.00000000	      0.00000000
   1131.04724121	    881.92968750	    299.50294971	      8.67532733	      0.00000000	      0.00000000
   1304.20446777	    864.10943604	    300.81634850	      6.64159385	      0.00000000	      0.00000000
   1497.08850098	    844.63299561	    302.10569382	      4.95894296	      0.00000000	      0.00000000
   1711.94665527	    823.38342285	    303.21637097	      3.95833850	      0.00000000	      0.00000000
   1951.28234863	    800.23669434	    304.20517484	      3.52453338	      0.00000000	      0.00000000
   2217.88403320	    775.07751465	    305.25251567	      3.38693759	      0.00000000	      0.00000000
   2514.85815430	    747.81170654	    306.51102869	      3.14110778	      0.00000000	      0.00000000
   2845.66479492	    718.37145996	    308.02905810	      2.56544247	      0.00000000	      0.00000000
   3214.15820312	    686.71777344	    309.75395242	      1.84729021	      0.00000000	      0.00000000
   3624.63183594	    652.83728027	    311.57350339	      1.34612671	      0.00000000	      0.00000000
   4081.86840820	    616.73999023	    313.41374767	      1.14810735	      0.00000000	      0.00000000
   4581.86816406	    579.15472412	    315.29092520	      1.09423863	      0.00000000	      0.00000000
   5081.86816406	    543.44226074	    317.19371865	      0.99863899	      0.00000000	      0.00000000
   5581.86816406	    509.52090454	    319.26568949	      0.76943662	      0.00000000	      0.00000000
   6081.86816406	    477.33895874	    321.44537493	      0.48787825	      0.00000000	      0.00000000
   6581.86816406	    446.84399414	    323.50549899	      0.27262202	      0.00000000	      0.00000000
   7081.86816406	    417.95330811	    325.25772422	      0.17028589	      0.00000000	      0.00000000
   7581.86816406	    390.56127930	    326.64541458	      0.13818440	      0.00000000	      0.00000000
   8081.86816406	    364.57153320	    327.75717210	      0.12399818	      0.00000000	      0.00000000
   8581.86816406	    339.91174316	    328.72610154	      0.10763383	      0.00000000	      0.00000000
   9081.86816406	    316.52648926	    329.61823178	      0.09116392	      0.00000000	      0.00000000
   9581.86816406	    294.36727905	    330.45172321	      0.07622267	      0.00000000	      0.00000000
  10081.86816406	    273.38906860	    331.24506103	      0.06082142	      0.00000000	      0.00000000
  10581.86816406	    253.54846191	    332.03217931	      0.04602737	      0.00000000	      0.00000000
  11081.86816406	    234.80380249	    332.87481506	      0.03303821	      0.00000000	      0.00000000
  11581.86816406	    217.11692810	    333.84379062	      0.02268081	      0.00000000	      0.00000000
  12081.86816406	    200.45463562	    335.06972449	      0.01509002	      0.00000000	      0.00000000
  12581.86816406	    184.79153442	    336.76218526	      0.00997160	      0.00000000	      0.00000000
  13081.86816406	    170.11203003	    339.18264611	      0.00684122	      0.00000000	      0.00000000
  13581.86816406	    156.40470886	    342.62265654	      0.00513088	      0.00000000	      0.00000000
  14081.86816406	    143.65272522	    347.33265932	      0.00433719	      0.00000000	      0.00000000
  14581.86816406	    131.83476257	    353.39512079	      0.00402969	      0.00000000	      0.00000000
  15081.86816406	    120.93204498	    360.80186599	      0.00400079	      0.00000000	      0.00000000
  15581.86816406	    110.92182159	    369.70373979	      0.00416981	      0.00000000	      0.00000000
  16081.86816406	    101.75320435	    379.81235514	      0.00445740	      0.00000000	      0.00000000
  16581.86718750	     93.34712982	    390.21015176	      0.00465805	      0.00000000	      0.00000000
  17081.86718750	     85.63485718	    400.43895396	      0.00462834	      0.00000000	      0.00000000
  17581.86718750	     78.57287598	    410.84947076	      0.00444904	      0.00000000	      0.00000000
  18081.86718750	     72.12297058	    422.63277182	      0.00416435	      0.00000000	      0.00000000
  18581.86718750	     66.24320221	    437.00357230	      0.00381736	      0.00000000	      0.00000000
  19081.86718750	     60.89236832	    453.07432949	      0.00343460	      0.00000000	      0.00000000
  19581.86718750	     56.02827454	    469.88284453	      0.00296501	      0.00000000	      0.00000000
  20081.86718750	     51.60350418	    486.74438637	      0.00243657	      0.00000000	      0.00000000
  20590.05468750	     47.50625610	    503.55229892	      0.00187516	      0.00000000	      0.00000000
  21149.06054688	     43.41256332	    521.69943594	      0.00131473	      0.00000000	      0.00000000
  21763.96679688	     39.35334015	    541.68327134	      0.00088355	      0.00000000	      0.00000000
  22440.36328125	     35.36089706	    563.84992627	      0.00070438	      0.00000000	      0.00000000
  23184.40039062	     31.46882248	    588.41114509	      0.00070289	      0.00000000	      0.00000000
  24002.83984375	     27.71140671	    615.66536248	      0.00070287	      0.00000000	      0.00000000
  24903.12304688	     24.12235832	    645.97237881	      0.00069892	      0.00000000	      0.00000000
  25893.43554688	     20.73425865	    680.14474719	      0.00069789	      0.00000000	      0.00000000
  26982.77929688	     17.58043671	    719.50118702	      0.00070248	      0.00000000	      0.00000000
