      z[m]      p[mb]      tp[K]    q[g/kg]     u[m/s]     v[m/s]
      0.00,         64,    1009.32
     25.00000000	   1002.60253906	    297.66212080	     13.56143333	      0.00000000	      0.00000000
     75.00000000	    996.90679932	    297.56598265	     13.09709778	      0.00000000	      0.00000000
    127.84809875	    990.90936279	    297.54660322	     12.98407348	      0.00000000	      0.00000000
    186.71687317	    984.25823975	    297.54241984	     12.92726297	      0.00000000	      0.00000000
    252.29220581	    976.88665771	    297.54435771	     12.88850907	      0.00000000	      0.00000000
    325.33816528	    968.72167969	    297.55085639	     12.84916137	      0.00000000	      0.00000000
    406.70581055	    959.68402100	    297.56307626	     12.80030845	      0.00000000	      0.00000000
    497.34317017	    949.68792725	    297.58621238	     12.72667139	      0.00000000	      0.00000000
    598.30627441	    938.64111328	    297.63437559	     12.59505035	      0.00000000	      0.00000000
    710.77154541	    926.44561768	    297.74826210	     12.32339519	      0.00000000	      0.00000000
    836.04931641	    912.99871826	    298.02446213	     11.75317384	      0.00000000	      0.00000000
    975.59924316	    898.19653320	    298.57599539	     10.79548505	      0.00000000	      0.00000000
   1131.04724121	    881.93707275	    299.45307118	      9.46200651	      0.00000000	      0.00000000
   1304.20446777	    864.12078857	    300.56258409	      7.90952813	      0.00000000	      0.00000000
   1497.08850098	    844.64324951	    301.72965079	      6.42436592	      0.00000000	      0.00000000
   1711.94665527	    823.38940430	    302.84696843	      5.27244537	      0.00000000	      0.00000000
   1951.28234863	    800.23809814	    303.92566117	      4.50821440	      0.00000000	      0.00000000
   2217.88403320	    775.07623291	    305.07344580	      4.00256426	      0.00000000	      0.00000000
   2514.85815430	    747.80975342	    306.38783774	      3.53616794	      0.00000000	      0.00000000
   2845.66479492	    718.36999512	    307.90452275	      2.93701252	      0.00000000	      0.00000000
   3214.15820312	    686.71649170	    309.60226779	      2.24007945	      0.00000000	      0.00000000
   3624.63183594	    652.83477783	    311.41237445	      1.66079229	      0.00000000	      0.00000000
   4081.86840820	    616.73516846	    313.27278319	      1.36146886	      0.00000000	      0.00000000
   4581.86816406	    579.14880371	    315.18261076	      1.24745157	      0.00000000	      0.00000000
   5081.86816406	    543.43786621	    317.10998686	      1.11280714	      0.00000000	      0.00000000
   5581.86816406	    509.51910400	    319.16946501	      0.87323141	      0.00000000	      0.00000000
   6081.86816406	    477.33853149	    321.31900747	      0.58673630	      0.00000000	      0.00000000
   6581.86816406	    446.84341431	    323.37311707	      0.34730796	      0.00000000	      0.00000000
   7081.86816406	    417.95217896	    325.13483268	      0.20812538	      0.00000000	      0.00000000
   7581.86816406	    390.56011963	    326.52631051	      0.15264830	      0.00000000	      0.00000000
   8081.86816406	    364.57077026	    327.62347716	      0.13280783	      0.00000000	      0.00000000
   8581.86816406	    339.91134644	    328.57540967	      0.11601906	      0.00000000	      0.00000000
   9081.86816406	    316.52651978	    329.46819390	      0.09701840	      0.00000000	      0.00000000
   9581.86816406	    294.36843872	    330.31549148	      0.07835289	      0.00000000	      0.00000000
  10081.86816406	    273.39196777	    331.11783348	      0.06106000	      0.00000000	      0.00000000
  10581.86816406	    253.55334473	    331.90305083	      0.04596506	      0.00000000	      0.00000000
  11081.86816406	    234.81044006	    332.73402447	      0.03297245	      0.00000000	      0.00000000
  11581.86816406	    217.12490845	    333.69299384	      0.02262600	      0.00000000	      0.00000000
  12081.86816406	    200.46353149	    334.91266102	      0.01510574	      0.00000000	      0.00000000
  12581.86816406	    184.80078125	    336.60483813	      0.01004038	      0.00000000	      0.00000000
  13081.86816406	    170.12074280	    339.02188219	      0.00691886	      0.00000000	      0.00000000
  13581.86816406	    156.41085815	    342.42075336	      0.00517633	      0.00000000	      0.00000000
  14081.86816406	    143.65377808	    347.11078187	      0.00433414	      0.00000000	      0.00000000
  14581.86816406	    131.83139038	    353.33861349	      0.00400763	      0.00000000	      0.00000000
  15081.86816406	    120.92890930	    360.99838842	      0.00401838	      0.00000000	      0.00000000
  15581.86816406	    110.92186737	    369.86001663	      0.00419737	      0.00000000	      0.00000000
  16081.86816406	    101.75505066	    379.72646091	      0.00444466	      0.00000000	      0.00000000
  16581.86718750	     93.34880829	    390.00566326	      0.00459437	      0.00000000	      0.00000000
  17081.86718750	     85.63626099	    400.31916120	      0.00456432	      0.00000000	      0.00000000
  17581.86718750	     78.57450867	    410.79329637	      0.00440117	      0.00000000	      0.00000000
  18081.86718750	     72.12455750	    422.51305147	      0.00412410	      0.00000000	      0.00000000
  18581.86718750	     66.24473572	    436.87384668	      0.00379554	      0.00000000	      0.00000000
  19081.86718750	     60.89416504	    452.97640787	      0.00342838	      0.00000000	      0.00000000
  19581.86718750	     56.03021622	    469.80759650	      0.00296456	      0.00000000	      0.00000000
  20081.86718750	     51.60535431	    486.65978974	      0.00243766	      0.00000000	      0.00000000
  20590.05468750	     47.50790405	    503.44201700	      0.00187638	      0.00000000	      0.00000000
  21149.06054688	     43.41402435	    521.57272238	      0.00131585	      0.00000000	      0.00000000
  21763.96679688	     39.35461044	    541.55123752	      0.00088376	      0.00000000	      0.00000000
  22440.36328125	     35.36197662	    563.73612639	      0.00070265	      0.00000000	      0.00000000
  23184.40039062	     31.46974564	    588.31562358	      0.00070103	      0.00000000	      0.00000000
  24002.83984375	     27.71218872	    615.57916328	      0.00070101	      0.00000000	      0.00000000
  24903.12304688	     24.12299347	    645.89950692	      0.00069706	      0.00000000	      0.00000000
  25893.43554688	     20.73479652	    680.10435525	      0.00069583	      0.00000000	      0.00000000
  26982.77929688	     17.58092690	    719.48174097	      0.00069985	      0.00000000	      0.00000000
  10000.00,         64,    1009.32
     25.00000000	   1002.60253906	    297.66212080	     13.56143333	      0.00000000	      0.00000000
     75.00000000	    996.90679932	    297.56598265	     13.09709778	      0.00000000	      0.00000000
    127.84809875	    990.90936279	    297.54660322	     12.98407348	      0.00000000	      0.00000000
    186.71687317	    984.25823975	    297.54241984	     12.92726297	      0.00000000	      0.00000000
    252.29220581	    976.88665771	    297.54435771	     12.88850907	      0.00000000	      0.00000000
    325.33816528	    968.72167969	    297.55085639	     12.84916137	      0.00000000	      0.00000000
    406.70581055	    959.68402100	    297.56307626	     12.80030845	      0.00000000	      0.00000000
    497.34317017	    949.68792725	    297.58621238	     12.72667139	      0.00000000	      0.00000000
    598.30627441	    938.64111328	    297.63437559	     12.59505035	      0.00000000	      0.00000000
    710.77154541	    926.44561768	    297.74826210	     12.32339519	      0.00000000	      0.00000000
    836.04931641	    912.99871826	    298.02446213	     11.75317384	      0.00000000	      0.00000000
    975.59924316	    898.19653320	    298.57599539	     10.79548505	      0.00000000	      0.00000000
   1131.04724121	    881.93707275	    299.45307118	      9.46200651	      0.00000000	      0.00000000
   1304.20446777	    864.12078857	    300.56258409	      7.90952813	      0.00000000	      0.00000000
   1497.08850098	    844.64324951	    301.72965079	      6.42436592	      0.00000000	      0.00000000
   1711.94665527	    823.38940430	    302.84696843	      5.27244537	      0.00000000	      0.00000000
   1951.28234863	    800.23809814	    303.92566117	      4.50821440	      0.00000000	      0.00000000
   2217.88403320	    775.07623291	    305.07344580	      4.00256426	      0.00000000	      0.00000000
   2514.85815430	    747.80975342	    306.38783774	      3.53616794	      0.00000000	      0.00000000
   2845.66479492	    718.36999512	    307.90452275	      2.93701252	      0.00000000	      0.00000000
   3214.15820312	    686.71649170	    309.60226779	      2.24007945	      0.00000000	      0.00000000
   3624.63183594	    652.83477783	    311.41237445	      1.66079229	      0.00000000	      0.00000000
   4081.86840820	    616.73516846	    313.27278319	      1.36146886	      0.00000000	      0.00000000
   4581.86816406	    579.14880371	    315.18261076	      1.24745157	      0.00000000	      0.00000000
   5081.86816406	    543.43786621	    317.10998686	      1.11280714	      0.00000000	      0.00000000
   5581.86816406	    509.51910400	    319.16946501	      0.87323141	      0.00000000	      0.00000000
   6081.86816406	    477.33853149	    321.31900747	      0.58673630	      0.00000000	      0.00000000
   6581.86816406	    446.84341431	    323.37311707	      0.34730796	      0.00000000	      0.00000000
   7081.86816406	    417.95217896	    325.13483268	      0.20812538	      0.00000000	      0.00000000
   7581.86816406	    390.56011963	    326.52631051	      0.15264830	      0.00000000	      0.00000000
   8081.86816406	    364.57077026	    327.62347716	      0.13280783	      0.00000000	      0.00000000
   8581.86816406	    339.91134644	    328.57540967	      0.11601906	      0.00000000	      0.00000000
   9081.86816406	    316.52651978	    329.46819390	      0.09701840	      0.00000000	      0.00000000
   9581.86816406	    294.36843872	    330.31549148	      0.07835289	      0.00000000	      0.00000000
  10081.86816406	    273.39196777	    331.11783348	      0.06106000	      0.00000000	      0.00000000
  10581.86816406	    253.55334473	    331.90305083	      0.04596506	      0.00000000	      0.00000000
  11081.86816406	    234.81044006	    332.73402447	      0.03297245	      0.00000000	      0.00000000
  11581.86816406	    217.12490845	    333.69299384	      0.02262600	      0.00000000	      0.00000000
  12081.86816406	    200.46353149	    334.91266102	      0.01510574	      0.00000000	      0.00000000
  12581.86816406	    184.80078125	    336.60483813	      0.01004038	      0.00000000	      0.00000000
  13081.86816406	    170.12074280	    339.02188219	      0.00691886	      0.00000000	      0.00000000
  13581.86816406	    156.41085815	    342.42075336	      0.00517633	      0.00000000	      0.00000000
  14081.86816406	    143.65377808	    347.11078187	      0.00433414	      0.00000000	      0.00000000
  14581.86816406	    131.83139038	    353.33861349	      0.00400763	      0.00000000	      0.00000000
  15081.86816406	    120.92890930	    360.99838842	      0.00401838	      0.00000000	      0.00000000
  15581.86816406	    110.92186737	    369.86001663	      0.00419737	      0.00000000	      0.00000000
  16081.86816406	    101.75505066	    379.72646091	      0.00444466	      0.00000000	      0.00000000
  16581.86718750	     93.34880829	    390.00566326	      0.00459437	      0.00000000	      0.00000000
  17081.86718750	     85.63626099	    400.31916120	      0.00456432	      0.00000000	      0.00000000
  17581.86718750	     78.57450867	    410.79329637	      0.00440117	      0.00000000	      0.00000000
  18081.86718750	     72.12455750	    422.51305147	      0.00412410	      0.00000000	      0.00000000
  18581.86718750	     66.24473572	    436.87384668	      0.00379554	      0.00000000	      0.00000000
  19081.86718750	     60.89416504	    452.97640787	      0.00342838	      0.00000000	      0.00000000
  19581.86718750	     56.03021622	    469.80759650	      0.00296456	      0.00000000	      0.00000000
  20081.86718750	     51.60535431	    486.65978974	      0.00243766	      0.00000000	      0.00000000
  20590.05468750	     47.50790405	    503.44201700	      0.00187638	      0.00000000	      0.00000000
  21149.06054688	     43.41402435	    521.57272238	      0.00131585	      0.00000000	      0.00000000
  21763.96679688	     39.35461044	    541.55123752	      0.00088376	      0.00000000	      0.00000000
  22440.36328125	     35.36197662	    563.73612639	      0.00070265	      0.00000000	      0.00000000
  23184.40039062	     31.46974564	    588.31562358	      0.00070103	      0.00000000	      0.00000000
  24002.83984375	     27.71218872	    615.57916328	      0.00070101	      0.00000000	      0.00000000
  24903.12304688	     24.12299347	    645.89950692	      0.00069706	      0.00000000	      0.00000000
  25893.43554688	     20.73479652	    680.10435525	      0.00069583	      0.00000000	      0.00000000
  26982.77929688	     17.58092690	    719.48174097	      0.00069985	      0.00000000	      0.00000000
