      z[m]      p[mb]      tp[K]    q[g/kg]     u[m/s]     v[m/s]
      0.00,         64,    1009.32
     25.00000000	   1002.52374268	    297.67231422	     13.91954854	      0.00000000	      0.00000000
     75.00000000	    996.82977295	    297.57710438	     13.46262904	      0.00000000	      0.00000000
    127.84809875	    990.83422852	    297.56027451	     13.34764156	      0.00000000	      0.00000000
    186.71687317	    984.18530273	    297.55930347	     13.28742388	      0.00000000	      0.00000000
    252.29220581	    976.81622314	    297.56483633	     13.24366724	      0.00000000	      0.00000000
    325.33816528	    968.65405273	    297.57512282	     13.19833252	      0.00000000	      0.00000000
    406.70581055	    959.61950684	    297.59232806	     13.14059240	      0.00000000	      0.00000000
    497.34317017	    949.62707520	    297.62275886	     13.05284846	      0.00000000	      0.00000000
    598.30627441	    938.58453369	    297.68396639	     12.89711923	      0.00000000	      0.00000000
    710.77154541	    926.39422607	    297.82394235	     12.58206166	      0.00000000	      0.00000000
    836.04931641	    912.95410156	    298.13966340	     11.96879456	      0.00000000	      0.00000000
    975.59924316	    898.16076660	    298.70199849	     11.06524222	      0.00000000	      0.00000000
   1131.04724121	    881.91070557	    299.50181234	      9.98841762	      0.00000000	      0.00000000
   1304.20446777	    864.10156250	    300.47521230	      8.82540969	      0.00000000	      0.00000000
   1497.08850098	    844.62762451	    301.52924717	      7.67219890	      0.00000000	      0.00000000
   1711.94665527	    823.37475586	    302.59487091	      6.65539019	      0.00000000	      0.00000000
   1951.28234863	    800.22381592	    303.69085161	      5.81903221	      0.00000000	      0.00000000
   2217.88403320	    775.06341553	    304.89248840	      5.10475300	      0.00000000	      0.00000000
   2514.85815430	    747.80010986	    306.27820387	      4.35297325	      0.00000000	      0.00000000
   2845.66479492	    718.36523438	    307.86002001	      3.48414616	      0.00000000	      0.00000000
   3214.15820312	    686.71716309	    309.58892912	      2.62787711	      0.00000000	      0.00000000
   3624.63183594	    652.83947754	    311.40266356	      1.95861944	      0.00000000	      0.00000000
   4081.86840820	    616.74169922	    313.27390241	      1.56679496	      0.00000000	      0.00000000
   4581.86816406	    579.15679932	    315.21568544	      1.37815786	      0.00000000	      0.00000000
   5081.86816406	    543.44909668	    317.16914671	      1.20508555	      0.00000000	      0.00000000
   5581.86816406	    509.53509521	    319.23410196	      0.94837751	      0.00000000	      0.00000000
   6081.86816406	    477.35913086	    321.37815731	      0.64571350	      0.00000000	      0.00000000
   6581.86816406	    446.86700439	    323.42970318	      0.38816737	      0.00000000	      0.00000000
   7081.86816406	    417.97674561	    325.18824586	      0.23751377	      0.00000000	      0.00000000
   7581.86816406	    390.58407593	    326.56931297	      0.17480828	      0.00000000	      0.00000000
   8081.86816406	    364.59353638	    327.65888178	      0.14653633	      0.00000000	      0.00000000
   8581.86816406	    339.93289185	    328.59739517	      0.12502955	      0.00000000	      0.00000000
   9081.86816406	    316.54638672	    329.47012417	      0.10391329	      0.00000000	      0.00000000
   9581.86816406	    294.38565063	    330.29982024	      0.08315733	      0.00000000	      0.00000000
  10081.86816406	    273.40594482	    331.09373584	      0.06368981	      0.00000000	      0.00000000
  10581.86816406	    253.56407166	    331.88315703	      0.04666396	      0.00000000	      0.00000000
  11081.86816406	    234.81837463	    332.72130634	      0.03285401	      0.00000000	      0.00000000
  11581.86816406	    217.13067627	    333.69192951	      0.02229908	      0.00000000	      0.00000000
  12081.86816406	    200.46827698	    334.94196408	      0.01479987	      0.00000000	      0.00000000
  12581.86816406	    184.80682373	    336.70116045	      0.00984139	      0.00000000	      0.00000000
  13081.86816406	    170.13104248	    339.18588404	      0.00683117	      0.00000000	      0.00000000
  13581.86816406	    156.42622375	    342.57217465	      0.00516969	      0.00000000	      0.00000000
  14081.86816406	    143.67131042	    347.15335731	      0.00436205	      0.00000000	      0.00000000
  14581.86816406	    131.84559631	    353.19095168	      0.00403288	      0.00000000	      0.00000000
  15081.86816406	    120.93560791	    360.74328955	      0.00402730	      0.00000000	      0.00000000
  15581.86816406	    110.92192841	    369.72329380	      0.00420908	      0.00000000	      0.00000000
  16081.86816406	    101.75223541	    379.72348089	      0.00444766	      0.00000000	      0.00000000
  16581.86718750	     93.34539032	    389.98904395	      0.00459203	      0.00000000	      0.00000000
  17081.86718750	     85.63282776	    400.30847022	      0.00456380	      0.00000000	      0.00000000
  17581.86718750	     78.57241058	    411.00755687	      0.00439864	      0.00000000	      0.00000000
  18081.86718750	     72.12465668	    422.77816576	      0.00412985	      0.00000000	      0.00000000
  18581.86718750	     66.24615479	    437.03987846	      0.00380394	      0.00000000	      0.00000000
  19081.86718750	     60.89582443	    453.03890475	      0.00343172	      0.00000000	      0.00000000
  19581.86718750	     56.03170013	    469.85780190	      0.00296450	      0.00000000	      0.00000000
  20081.86718750	     51.60670471	    486.70577965	      0.00243483	      0.00000000	      0.00000000
  20590.05468750	     47.50913239	    503.48418581	      0.00187214	      0.00000000	      0.00000000
  21149.06054688	     43.41512680	    521.62037989	      0.00131220	      0.00000000	      0.00000000
  21763.96679688	     39.35560226	    541.60512992	      0.00088242	      0.00000000	      0.00000000
  22440.36328125	     35.36288834	    563.79677907	      0.00070436	      0.00000000	      0.00000000
  23184.40039062	     31.47063828	    588.37613888	      0.00070278	      0.00000000	      0.00000000
  24002.83984375	     27.71305275	    615.62454071	      0.00070275	      0.00000000	      0.00000000
  24903.12304688	     24.12378311	    645.93577780	      0.00069885	      0.00000000	      0.00000000
  25893.43554688	     20.73553085	    680.14413411	      0.00069746	      0.00000000	      0.00000000
  26982.77929688	     17.58162880	    719.51126660	      0.00070099	      0.00000000	      0.00000000
  10000.00,         64,    1009.32
     25.00000000	   1002.52374268	    297.67231422	     13.91954854	      0.00000000	      0.00000000
     75.00000000	    996.82977295	    297.57710438	     13.46262904	      0.00000000	      0.00000000
    127.84809875	    990.83422852	    297.56027451	     13.34764156	      0.00000000	      0.00000000
    186.71687317	    984.18530273	    297.55930347	     13.28742388	      0.00000000	      0.00000000
    252.29220581	    976.81622314	    297.56483633	     13.24366724	      0.00000000	      0.00000000
    325.33816528	    968.65405273	    297.57512282	     13.19833252	      0.00000000	      0.00000000
    406.70581055	    959.61950684	    297.59232806	     13.14059240	      0.00000000	      0.00000000
    497.34317017	    949.62707520	    297.62275886	     13.05284846	      0.00000000	      0.00000000
    598.30627441	    938.58453369	    297.68396639	     12.89711923	      0.00000000	      0.00000000
    710.77154541	    926.39422607	    297.82394235	     12.58206166	      0.00000000	      0.00000000
    836.04931641	    912.95410156	    298.13966340	     11.96879456	      0.00000000	      0.00000000
    975.59924316	    898.16076660	    298.70199849	     11.06524222	      0.00000000	      0.00000000
   1131.04724121	    881.91070557	    299.50181234	      9.98841762	      0.00000000	      0.00000000
   1304.20446777	    864.10156250	    300.47521230	      8.82540969	      0.00000000	      0.00000000
   1497.08850098	    844.62762451	    301.52924717	      7.67219890	      0.00000000	      0.00000000
   1711.94665527	    823.37475586	    302.59487091	      6.65539019	      0.00000000	      0.00000000
   1951.28234863	    800.22381592	    303.69085161	      5.81903221	      0.00000000	      0.00000000
   2217.88403320	    775.06341553	    304.89248840	      5.10475300	      0.00000000	      0.00000000
   2514.85815430	    747.80010986	    306.27820387	      4.35297325	      0.00000000	      0.00000000
   2845.66479492	    718.36523438	    307.86002001	      3.48414616	      0.00000000	      0.00000000
   3214.15820312	    686.71716309	    309.58892912	      2.62787711	      0.00000000	      0.00000000
   3624.63183594	    652.83947754	    311.40266356	      1.95861944	      0.00000000	      0.00000000
   4081.86840820	    616.74169922	    313.27390241	      1.56679496	      0.00000000	      0.00000000
   4581.86816406	    579.15679932	    315.21568544	      1.37815786	      0.00000000	      0.00000000
   5081.86816406	    543.44909668	    317.16914671	      1.20508555	      0.00000000	      0.00000000
   5581.86816406	    509.53509521	    319.23410196	      0.94837751	      0.00000000	      0.00000000
   6081.86816406	    477.35913086	    321.37815731	      0.64571350	      0.00000000	      0.00000000
   6581.86816406	    446.86700439	    323.42970318	      0.38816737	      0.00000000	      0.00000000
   7081.86816406	    417.97674561	    325.18824586	      0.23751377	      0.00000000	      0.00000000
   7581.86816406	    390.58407593	    326.56931297	      0.17480828	      0.00000000	      0.00000000
   8081.86816406	    364.59353638	    327.65888178	      0.14653633	      0.00000000	      0.00000000
   8581.86816406	    339.93289185	    328.59739517	      0.12502955	      0.00000000	      0.00000000
   9081.86816406	    316.54638672	    329.47012417	      0.10391329	      0.00000000	      0.00000000
   9581.86816406	    294.38565063	    330.29982024	      0.08315733	      0.00000000	      0.00000000
  10081.86816406	    273.40594482	    331.09373584	      0.06368981	      0.00000000	      0.00000000
  10581.86816406	    253.56407166	    331.88315703	      0.04666396	      0.00000000	      0.00000000
  11081.86816406	    234.81837463	    332.72130634	      0.03285401	      0.00000000	      0.00000000
  11581.86816406	    217.13067627	    333.69192951	      0.02229908	      0.00000000	      0.00000000
  12081.86816406	    200.46827698	    334.94196408	      0.01479987	      0.00000000	      0.00000000
  12581.86816406	    184.80682373	    336.70116045	      0.00984139	      0.00000000	      0.00000000
  13081.86816406	    170.13104248	    339.18588404	      0.00683117	      0.00000000	      0.00000000
  13581.86816406	    156.42622375	    342.57217465	      0.00516969	      0.00000000	      0.00000000
  14081.86816406	    143.67131042	    347.15335731	      0.00436205	      0.00000000	      0.00000000
  14581.86816406	    131.84559631	    353.19095168	      0.00403288	      0.00000000	      0.00000000
  15081.86816406	    120.93560791	    360.74328955	      0.00402730	      0.00000000	      0.00000000
  15581.86816406	    110.92192841	    369.72329380	      0.00420908	      0.00000000	      0.00000000
  16081.86816406	    101.75223541	    379.72348089	      0.00444766	      0.00000000	      0.00000000
  16581.86718750	     93.34539032	    389.98904395	      0.00459203	      0.00000000	      0.00000000
  17081.86718750	     85.63282776	    400.30847022	      0.00456380	      0.00000000	      0.00000000
  17581.86718750	     78.57241058	    411.00755687	      0.00439864	      0.00000000	      0.00000000
  18081.86718750	     72.12465668	    422.77816576	      0.00412985	      0.00000000	      0.00000000
  18581.86718750	     66.24615479	    437.03987846	      0.00380394	      0.00000000	      0.00000000
  19081.86718750	     60.89582443	    453.03890475	      0.00343172	      0.00000000	      0.00000000
  19581.86718750	     56.03170013	    469.85780190	      0.00296450	      0.00000000	      0.00000000
  20081.86718750	     51.60670471	    486.70577965	      0.00243483	      0.00000000	      0.00000000
  20590.05468750	     47.50913239	    503.48418581	      0.00187214	      0.00000000	      0.00000000
  21149.06054688	     43.41512680	    521.62037989	      0.00131220	      0.00000000	      0.00000000
  21763.96679688	     39.35560226	    541.60512992	      0.00088242	      0.00000000	      0.00000000
  22440.36328125	     35.36288834	    563.79677907	      0.00070436	      0.00000000	      0.00000000
  23184.40039062	     31.47063828	    588.37613888	      0.00070278	      0.00000000	      0.00000000
  24002.83984375	     27.71305275	    615.62454071	      0.00070275	      0.00000000	      0.00000000
  24903.12304688	     24.12378311	    645.93577780	      0.00069885	      0.00000000	      0.00000000
  25893.43554688	     20.73553085	    680.14413411	      0.00069746	      0.00000000	      0.00000000
  26982.77929688	     17.58162880	    719.51126660	      0.00070099	      0.00000000	      0.00000000
