      z[m]      p[mb]      tp[K]    q[g/kg]     u[m/s]     v[m/s]
      0.00,         64,    1009.32
     25.00000000	   1002.53393555	    297.62070530	     14.21915260	      0.00000000	      0.00000000
     75.00000000	    996.84002686	    297.52583548	     13.75387403	      0.00000000	      0.00000000
    127.84809875	    990.84460449	    297.51554356	     13.62862733	      0.00000000	      0.00000000
    186.71687317	    984.19592285	    297.52227157	     13.55938737	      0.00000000	      0.00000000
    252.29220581	    976.82720947	    297.53580482	     13.50586890	      0.00000000	      0.00000000
    325.33816528	    968.66564941	    297.55482262	     13.44788246	      0.00000000	      0.00000000
    406.70581055	    959.63201904	    297.58214020	     13.37415970	      0.00000000	      0.00000000
    497.34317017	    949.64074707	    297.62537619	     13.26466194	      0.00000000	      0.00000000
    598.30627441	    938.59991455	    297.70498166	     13.07834512	      0.00000000	      0.00000000
    710.77154541	    926.41217041	    297.87051000	     12.73119307	      0.00000000	      0.00000000
    836.04931641	    912.97576904	    298.20604918	     12.13004089	      0.00000000	      0.00000000
    975.59924316	    898.18707275	    298.75432134	     11.32604671	      0.00000000	      0.00000000
   1131.04724121	    881.94140625	    299.49291757	     10.42570183	      0.00000000	      0.00000000
   1304.20446777	    864.13476562	    300.37569314	      9.49114784	      0.00000000	      0.00000000
   1497.08850098	    844.66107178	    301.35052379	      8.56005390	      0.00000000	      0.00000000
   1711.94665527	    823.40679932	    302.37242712	      7.68195773	      0.00000000	      0.00000000
   1951.28234863	    800.25360107	    303.45744466	      6.86796416	      0.00000000	      0.00000000
   2217.88403320	    775.09051514	    304.66876678	      6.07851383	      0.00000000	      0.00000000
   2514.85815430	    747.82440186	    306.06509014	      5.22067113	      0.00000000	      0.00000000
   2845.66479492	    718.38610840	    307.65516307	      4.23749379	      0.00000000	      0.00000000
   3214.15820312	    686.73345947	    309.39974207	      3.22306889	      0.00000000	      0.00000000
   3624.63183594	    652.84967041	    311.23383271	      2.38136384	      0.00000000	      0.00000000
   4081.86840820	    616.74432373	    313.12653255	      1.83985831	      0.00000000	      0.00000000
   4581.86816406	    579.15209961	    315.10218992	      1.54130983	      0.00000000	      0.00000000
   5081.86816406	    543.43994141	    317.09031312	      1.32088577	      0.00000000	      0.00000000
   5581.86816406	    509.52392578	    319.16948862	      1.03896031	      0.00000000	      0.00000000
   6081.86816406	    477.34640503	    321.31123331	      0.71740693	      0.00000000	      0.00000000
   6581.86816406	    446.85247803	    323.36643364	      0.44372976	      0.00000000	      0.00000000
   7081.86816406	    417.96075439	    325.14044368	      0.27475498	      0.00000000	      0.00000000
   7581.86816406	    390.56750488	    326.54345155	      0.19593013	      0.00000000	      0.00000000
   8081.86816406	    364.57745361	    327.65073231	      0.16053601	      0.00000000	      0.00000000
   8581.86816406	    339.91806030	    328.59933051	      0.13805596	      0.00000000	      0.00000000
   9081.86816406	    316.53320312	    329.47135532	      0.11617757	      0.00000000	      0.00000000
   9581.86816406	    294.37393188	    330.29245261	      0.09249353	      0.00000000	      0.00000000
  10081.86816406	    273.39529419	    331.08049167	      0.06946753	      0.00000000	      0.00000000
  10581.86816406	    253.55445862	    331.87394588	      0.04920850	      0.00000000	      0.00000000
  11081.86816406	    234.80995178	    332.72118153	      0.03355968	      0.00000000	      0.00000000
  11581.86816406	    217.12362671	    333.70075832	      0.02238049	      0.00000000	      0.00000000
  12081.86816406	    200.46249390	    334.94707127	      0.01480544	      0.00000000	      0.00000000
  12581.86816406	    184.80158997	    336.67960304	      0.00985321	      0.00000000	      0.00000000
  13081.86816406	    170.12533569	    339.14832965	      0.00683377	      0.00000000	      0.00000000
  13581.86816406	    156.42022705	    342.58606845	      0.00517665	      0.00000000	      0.00000000
  14081.86816406	    143.66648865	    347.23026151	      0.00440617	      0.00000000	      0.00000000
  14581.86816406	    131.84309387	    353.27589472	      0.00409721	      0.00000000	      0.00000000
  15081.86816406	    120.93567657	    360.81733422	      0.00407519	      0.00000000	      0.00000000
  15581.86816406	    110.92461395	    369.85262179	      0.00423310	      0.00000000	      0.00000000
  16081.86816406	    101.75757599	    379.88469086	      0.00444747	      0.00000000	      0.00000000
  16581.86718750	     93.35291290	    390.10262636	      0.00458481	      0.00000000	      0.00000000
  17081.86718750	     85.64154816	    400.36628143	      0.00454045	      0.00000000	      0.00000000
  17581.86718750	     78.58162689	    411.08145339	      0.00439223	      0.00000000	      0.00000000
  18081.86718750	     72.13423157	    422.88179881	      0.00413132	      0.00000000	      0.00000000
  18581.86718750	     66.25526428	    437.03234954	      0.00380848	      0.00000000	      0.00000000
  19081.86718750	     60.90380478	    453.00835369	      0.00343451	      0.00000000	      0.00000000
  19581.86718750	     56.03873444	    469.84409954	      0.00296496	      0.00000000	      0.00000000
  20081.86718750	     51.61314774	    486.71294450	      0.00243279	      0.00000000	      0.00000000
  20590.05468750	     47.51511383	    503.48838021	      0.00187008	      0.00000000	      0.00000000
  21149.06054688	     43.42056274	    521.60690932	      0.00131071	      0.00000000	      0.00000000
  21763.96679688	     39.36034393	    541.57716643	      0.00088102	      0.00000000	      0.00000000
  22440.36328125	     35.36689377	    563.76476287	      0.00070508	      0.00000000	      0.00000000
  23184.40039062	     31.47394371	    588.34359408	      0.00070353	      0.00000000	      0.00000000
  24002.83984375	     27.71570587	    615.58476212	      0.00070352	      0.00000000	      0.00000000
  24903.12304688	     24.12582588	    645.89014428	      0.00069969	      0.00000000	      0.00000000
  25893.43554688	     20.73706818	    680.10893148	      0.00069812	      0.00000000	      0.00000000
  26982.77929688	     17.58277512	    719.47175075	      0.00070119	      0.00000000	      0.00000000
  10000.00,         64,    1009.32
     25.00000000	   1002.53393555	    297.62070530	     14.21915260	      0.00000000	      0.00000000
     75.00000000	    996.84002686	    297.52583548	     13.75387403	      0.00000000	      0.00000000
    127.84809875	    990.84460449	    297.51554356	     13.62862733	      0.00000000	      0.00000000
    186.71687317	    984.19592285	    297.52227157	     13.55938737	      0.00000000	      0.00000000
    252.29220581	    976.82720947	    297.53580482	     13.50586890	      0.00000000	      0.00000000
    325.33816528	    968.66564941	    297.55482262	     13.44788246	      0.00000000	      0.00000000
    406.70581055	    959.63201904	    297.58214020	     13.37415970	      0.00000000	      0.00000000
    497.34317017	    949.64074707	    297.62537619	     13.26466194	      0.00000000	      0.00000000
    598.30627441	    938.59991455	    297.70498166	     13.07834512	      0.00000000	      0.00000000
    710.77154541	    926.41217041	    297.87051000	     12.73119307	      0.00000000	      0.00000000
    836.04931641	    912.97576904	    298.20604918	     12.13004089	      0.00000000	      0.00000000
    975.59924316	    898.18707275	    298.75432134	     11.32604671	      0.00000000	      0.00000000
   1131.04724121	    881.94140625	    299.49291757	     10.42570183	      0.00000000	      0.00000000
   1304.20446777	    864.13476562	    300.37569314	      9.49114784	      0.00000000	      0.00000000
   1497.08850098	    844.66107178	    301.35052379	      8.56005390	      0.00000000	      0.00000000
   1711.94665527	    823.40679932	    302.37242712	      7.68195773	      0.00000000	      0.00000000
   1951.28234863	    800.25360107	    303.45744466	      6.86796416	      0.00000000	      0.00000000
   2217.88403320	    775.09051514	    304.66876678	      6.07851383	      0.00000000	      0.00000000
   2514.85815430	    747.82440186	    306.06509014	      5.22067113	      0.00000000	      0.00000000
   2845.66479492	    718.38610840	    307.65516307	      4.23749379	      0.00000000	      0.00000000
   3214.15820312	    686.73345947	    309.39974207	      3.22306889	      0.00000000	      0.00000000
   3624.63183594	    652.84967041	    311.23383271	      2.38136384	      0.00000000	      0.00000000
   4081.86840820	    616.74432373	    313.12653255	      1.83985831	      0.00000000	      0.00000000
   4581.86816406	    579.15209961	    315.10218992	      1.54130983	      0.00000000	      0.00000000
   5081.86816406	    543.43994141	    317.09031312	      1.32088577	      0.00000000	      0.00000000
   5581.86816406	    509.52392578	    319.16948862	      1.03896031	      0.00000000	      0.00000000
   6081.86816406	    477.34640503	    321.31123331	      0.71740693	      0.00000000	      0.00000000
   6581.86816406	    446.85247803	    323.36643364	      0.44372976	      0.00000000	      0.00000000
   7081.86816406	    417.96075439	    325.14044368	      0.27475498	      0.00000000	      0.00000000
   7581.86816406	    390.56750488	    326.54345155	      0.19593013	      0.00000000	      0.00000000
   8081.86816406	    364.57745361	    327.65073231	      0.16053601	      0.00000000	      0.00000000
   8581.86816406	    339.91806030	    328.59933051	      0.13805596	      0.00000000	      0.00000000
   9081.86816406	    316.53320312	    329.47135532	      0.11617757	      0.00000000	      0.00000000
   9581.86816406	    294.37393188	    330.29245261	      0.09249353	      0.00000000	      0.00000000
  10081.86816406	    273.39529419	    331.08049167	      0.06946753	      0.00000000	      0.00000000
  10581.86816406	    253.55445862	    331.87394588	      0.04920850	      0.00000000	      0.00000000
  11081.86816406	    234.80995178	    332.72118153	      0.03355968	      0.00000000	      0.00000000
  11581.86816406	    217.12362671	    333.70075832	      0.02238049	      0.00000000	      0.00000000
  12081.86816406	    200.46249390	    334.94707127	      0.01480544	      0.00000000	      0.00000000
  12581.86816406	    184.80158997	    336.67960304	      0.00985321	      0.00000000	      0.00000000
  13081.86816406	    170.12533569	    339.14832965	      0.00683377	      0.00000000	      0.00000000
  13581.86816406	    156.42022705	    342.58606845	      0.00517665	      0.00000000	      0.00000000
  14081.86816406	    143.66648865	    347.23026151	      0.00440617	      0.00000000	      0.00000000
  14581.86816406	    131.84309387	    353.27589472	      0.00409721	      0.00000000	      0.00000000
  15081.86816406	    120.93567657	    360.81733422	      0.00407519	      0.00000000	      0.00000000
  15581.86816406	    110.92461395	    369.85262179	      0.00423310	      0.00000000	      0.00000000
  16081.86816406	    101.75757599	    379.88469086	      0.00444747	      0.00000000	      0.00000000
  16581.86718750	     93.35291290	    390.10262636	      0.00458481	      0.00000000	      0.00000000
  17081.86718750	     85.64154816	    400.36628143	      0.00454045	      0.00000000	      0.00000000
  17581.86718750	     78.58162689	    411.08145339	      0.00439223	      0.00000000	      0.00000000
  18081.86718750	     72.13423157	    422.88179881	      0.00413132	      0.00000000	      0.00000000
  18581.86718750	     66.25526428	    437.03234954	      0.00380848	      0.00000000	      0.00000000
  19081.86718750	     60.90380478	    453.00835369	      0.00343451	      0.00000000	      0.00000000
  19581.86718750	     56.03873444	    469.84409954	      0.00296496	      0.00000000	      0.00000000
  20081.86718750	     51.61314774	    486.71294450	      0.00243279	      0.00000000	      0.00000000
  20590.05468750	     47.51511383	    503.48838021	      0.00187008	      0.00000000	      0.00000000
  21149.06054688	     43.42056274	    521.60690932	      0.00131071	      0.00000000	      0.00000000
  21763.96679688	     39.36034393	    541.57716643	      0.00088102	      0.00000000	      0.00000000
  22440.36328125	     35.36689377	    563.76476287	      0.00070508	      0.00000000	      0.00000000
  23184.40039062	     31.47394371	    588.34359408	      0.00070353	      0.00000000	      0.00000000
  24002.83984375	     27.71570587	    615.58476212	      0.00070352	      0.00000000	      0.00000000
  24903.12304688	     24.12582588	    645.89014428	      0.00069969	      0.00000000	      0.00000000
  25893.43554688	     20.73706818	    680.10893148	      0.00069812	      0.00000000	      0.00000000
  26982.77929688	     17.58277512	    719.47175075	      0.00070119	      0.00000000	      0.00000000
