      z[m]      p[mb]      tp[K]    q[g/kg]     u[m/s]     v[m/s]
      0.00,         64,    1009.32
     25.00000000	   1002.49133301	    297.55564313	     14.45281983	      0.00000000	      0.00000000
     75.00000000	    996.79693604	    297.46106161	     13.96914552	      0.00000000	      0.00000000
    127.84809875	    990.80114746	    297.46095003	     13.83290045	      0.00000000	      0.00000000
    186.71687317	    984.15216064	    297.47948494	     13.75296138	      0.00000000	      0.00000000
    252.29220581	    976.78344727	    297.50545365	     13.68674303	      0.00000000	      0.00000000
    325.33816528	    968.62213135	    297.53794775	     13.61295555	      0.00000000	      0.00000000
    406.70581055	    959.58917236	    297.58102548	     13.51794209	      0.00000000	      0.00000000
    497.34317017	    949.59906006	    297.64490886	     13.37880970	      0.00000000	      0.00000000
    598.30627441	    938.56018066	    297.75314355	     13.15259148	      0.00000000	      0.00000000
    710.77154541	    926.37554932	    297.95681613	     12.75762933	      0.00000000	      0.00000000
    836.04931641	    912.94390869	    298.32789639	     12.13596961	      0.00000000	      0.00000000
    975.59924316	    898.16143799	    298.88061592	     11.38933227	      0.00000000	      0.00000000
   1131.04724121	    881.92224121	    299.58139365	     10.62208791	      0.00000000	      0.00000000
   1304.20446777	    864.12103271	    300.40686928	      9.86001180	      0.00000000	      0.00000000
   1497.08850098	    844.65142822	    301.32730056	      9.10418629	      0.00000000	      0.00000000
   1711.94665527	    823.40045166	    302.31801995	      8.35802328	      0.00000000	      0.00000000
   1951.28234863	    800.25054932	    303.38524554	      7.62849801	      0.00000000	      0.00000000
   2217.88403320	    775.09088135	    304.57826613	      6.88460745	      0.00000000	      0.00000000
   2514.85815430	    747.82763672	    305.95159654	      6.06069333	      0.00000000	      0.00000000
   2845.66479492	    718.39117432	    307.51486223	      5.11680299	      0.00000000	      0.00000000
   3214.15820312	    686.73895264	    309.23883110	      4.09171204	      0.00000000	      0.00000000
   3624.63183594	    652.85406494	    311.07889912	      3.12191979	      0.00000000	      0.00000000
   4081.86840820	    616.74749756	    313.01510400	      2.37500078	      0.00000000	      0.00000000
   4581.86816406	    579.15661621	    315.05040149	      1.89651474	      0.00000000	      0.00000000
   5081.86816406	    543.44891357	    317.07635479	      1.57370741	      0.00000000	      0.00000000
   5581.86816406	    509.53723145	    319.15267941	      1.24616618	      0.00000000	      0.00000000
   6081.86816406	    477.36038208	    321.25463425	      0.89885860	      0.00000000	      0.00000000
   6581.86816406	    446.86248779	    323.26197794	      0.58998257	      0.00000000	      0.00000000
   7081.86816406	    417.96429443	    325.01667240	      0.37856814	      0.00000000	      0.00000000
   7581.86816406	    390.56518555	    326.44301238	      0.26538986	      0.00000000	      0.00000000
   8081.86816406	    364.57177734	    327.59974107	      0.20935652	      0.00000000	      0.00000000
   8581.86816406	    339.91156006	    328.59489540	      0.17354152	      0.00000000	      0.00000000
   9081.86816406	    316.52767944	    329.49951806	      0.14005986	      0.00000000	      0.00000000
   9581.86816406	    294.37051392	    330.33787979	      0.10670318	      0.00000000	      0.00000000
  10081.86816406	    273.39431763	    331.12807228	      0.07712859	      0.00000000	      0.00000000
  10581.86816406	    253.55546570	    331.91016499	      0.05359697	      0.00000000	      0.00000000
  11081.86816406	    234.81199646	    332.73884513	      0.03609884	      0.00000000	      0.00000000
  11581.86816406	    217.12519836	    333.68722228	      0.02380122	      0.00000000	      0.00000000
  12081.86816406	    200.46157837	    334.88542765	      0.01553009	      0.00000000	      0.00000000
  12581.86816406	    184.79614258	    336.56907882	      0.01018366	      0.00000000	      0.00000000
  13081.86816406	    170.11526489	    339.04801657	      0.00693656	      0.00000000	      0.00000000
  13581.86816406	    156.40872192	    342.57893692	      0.00520014	      0.00000000	      0.00000000
  14081.86816406	    143.65765381	    347.30361800	      0.00443151	      0.00000000	      0.00000000
  14581.86816406	    131.83839417	    353.32074922	      0.00414680	      0.00000000	      0.00000000
  15081.86816406	    120.93382263	    360.75606013	      0.00410067	      0.00000000	      0.00000000
  15581.86816406	    110.92373657	    369.71186236	      0.00423014	      0.00000000	      0.00000000
  16081.86816406	    101.75724792	    379.84571596	      0.00444971	      0.00000000	      0.00000000
  16581.86718750	     93.35420227	    390.29697490	      0.00460497	      0.00000000	      0.00000000
  17081.86718750	     85.64481354	    400.62292286	      0.00457335	      0.00000000	      0.00000000
  17581.86718750	     78.58526611	    411.11449652	      0.00441868	      0.00000000	      0.00000000
  18081.86718750	     72.13619232	    422.68720634	      0.00414280	      0.00000000	      0.00000000
  18581.86718750	     66.25543213	    436.93354556	      0.00380246	      0.00000000	      0.00000000
  19081.86718750	     60.90316391	    452.98345821	      0.00343154	      0.00000000	      0.00000000
  19581.86718750	     56.03768158	    469.81066808	      0.00296665	      0.00000000	      0.00000000
  20081.86718750	     51.61182785	    486.68901989	      0.00243747	      0.00000000	      0.00000000
  20590.05468750	     47.51371002	    503.47877940	      0.00187415	      0.00000000	      0.00000000
  21149.06054688	     43.41908646	    521.57755812	      0.00131115	      0.00000000	      0.00000000
  21763.96679688	     39.35861588	    541.50082892	      0.00087861	      0.00000000	      0.00000000
  22440.36328125	     35.36468124	    563.65041804	      0.00070593	      0.00000000	      0.00000000
  23184.40039062	     31.47110748	    588.20667878	      0.00070455	      0.00000000	      0.00000000
  24002.83984375	     27.71221352	    615.42520832	      0.00070461	      0.00000000	      0.00000000
  24903.12304688	     24.12174416	    645.71158192	      0.00070104	      0.00000000	      0.00000000
  25893.43554688	     20.73258018	    679.93111797	      0.00069915	      0.00000000	      0.00000000
  26982.77929688	     17.57809258	    719.28945733	      0.00070143	      0.00000000	      0.00000000
  10000.00,         64,    1009.32
     25.00000000	   1002.49133301	    297.55564313	     14.45281983	      0.00000000	      0.00000000
     75.00000000	    996.79693604	    297.46106161	     13.96914552	      0.00000000	      0.00000000
    127.84809875	    990.80114746	    297.46095003	     13.83290045	      0.00000000	      0.00000000
    186.71687317	    984.15216064	    297.47948494	     13.75296138	      0.00000000	      0.00000000
    252.29220581	    976.78344727	    297.50545365	     13.68674303	      0.00000000	      0.00000000
    325.33816528	    968.62213135	    297.53794775	     13.61295555	      0.00000000	      0.00000000
    406.70581055	    959.58917236	    297.58102548	     13.51794209	      0.00000000	      0.00000000
    497.34317017	    949.59906006	    297.64490886	     13.37880970	      0.00000000	      0.00000000
    598.30627441	    938.56018066	    297.75314355	     13.15259148	      0.00000000	      0.00000000
    710.77154541	    926.37554932	    297.95681613	     12.75762933	      0.00000000	      0.00000000
    836.04931641	    912.94390869	    298.32789639	     12.13596961	      0.00000000	      0.00000000
    975.59924316	    898.16143799	    298.88061592	     11.38933227	      0.00000000	      0.00000000
   1131.04724121	    881.92224121	    299.58139365	     10.62208791	      0.00000000	      0.00000000
   1304.20446777	    864.12103271	    300.40686928	      9.86001180	      0.00000000	      0.00000000
   1497.08850098	    844.65142822	    301.32730056	      9.10418629	      0.00000000	      0.00000000
   1711.94665527	    823.40045166	    302.31801995	      8.35802328	      0.00000000	      0.00000000
   1951.28234863	    800.25054932	    303.38524554	      7.62849801	      0.00000000	      0.00000000
   2217.88403320	    775.09088135	    304.57826613	      6.88460745	      0.00000000	      0.00000000
   2514.85815430	    747.82763672	    305.95159654	      6.06069333	      0.00000000	      0.00000000
   2845.66479492	    718.39117432	    307.51486223	      5.11680299	      0.00000000	      0.00000000
   3214.15820312	    686.73895264	    309.23883110	      4.09171204	      0.00000000	      0.00000000
   3624.63183594	    652.85406494	    311.07889912	      3.12191979	      0.00000000	      0.00000000
   4081.86840820	    616.74749756	    313.01510400	      2.37500078	      0.00000000	      0.00000000
   4581.86816406	    579.15661621	    315.05040149	      1.89651474	      0.00000000	      0.00000000
   5081.86816406	    543.44891357	    317.07635479	      1.57370741	      0.00000000	      0.00000000
   5581.86816406	    509.53723145	    319.15267941	      1.24616618	      0.00000000	      0.00000000
   6081.86816406	    477.36038208	    321.25463425	      0.89885860	      0.00000000	      0.00000000
   6581.86816406	    446.86248779	    323.26197794	      0.58998257	      0.00000000	      0.00000000
   7081.86816406	    417.96429443	    325.01667240	      0.37856814	      0.00000000	      0.00000000
   7581.86816406	    390.56518555	    326.44301238	      0.26538986	      0.00000000	      0.00000000
   8081.86816406	    364.57177734	    327.59974107	      0.20935652	      0.00000000	      0.00000000
   8581.86816406	    339.91156006	    328.59489540	      0.17354152	      0.00000000	      0.00000000
   9081.86816406	    316.52767944	    329.49951806	      0.14005986	      0.00000000	      0.00000000
   9581.86816406	    294.37051392	    330.33787979	      0.10670318	      0.00000000	      0.00000000
  10081.86816406	    273.39431763	    331.12807228	      0.07712859	      0.00000000	      0.00000000
  10581.86816406	    253.55546570	    331.91016499	      0.05359697	      0.00000000	      0.00000000
  11081.86816406	    234.81199646	    332.73884513	      0.03609884	      0.00000000	      0.00000000
  11581.86816406	    217.12519836	    333.68722228	      0.02380122	      0.00000000	      0.00000000
  12081.86816406	    200.46157837	    334.88542765	      0.01553009	      0.00000000	      0.00000000
  12581.86816406	    184.79614258	    336.56907882	      0.01018366	      0.00000000	      0.00000000
  13081.86816406	    170.11526489	    339.04801657	      0.00693656	      0.00000000	      0.00000000
  13581.86816406	    156.40872192	    342.57893692	      0.00520014	      0.00000000	      0.00000000
  14081.86816406	    143.65765381	    347.30361800	      0.00443151	      0.00000000	      0.00000000
  14581.86816406	    131.83839417	    353.32074922	      0.00414680	      0.00000000	      0.00000000
  15081.86816406	    120.93382263	    360.75606013	      0.00410067	      0.00000000	      0.00000000
  15581.86816406	    110.92373657	    369.71186236	      0.00423014	      0.00000000	      0.00000000
  16081.86816406	    101.75724792	    379.84571596	      0.00444971	      0.00000000	      0.00000000
  16581.86718750	     93.35420227	    390.29697490	      0.00460497	      0.00000000	      0.00000000
  17081.86718750	     85.64481354	    400.62292286	      0.00457335	      0.00000000	      0.00000000
  17581.86718750	     78.58526611	    411.11449652	      0.00441868	      0.00000000	      0.00000000
  18081.86718750	     72.13619232	    422.68720634	      0.00414280	      0.00000000	      0.00000000
  18581.86718750	     66.25543213	    436.93354556	      0.00380246	      0.00000000	      0.00000000
  19081.86718750	     60.90316391	    452.98345821	      0.00343154	      0.00000000	      0.00000000
  19581.86718750	     56.03768158	    469.81066808	      0.00296665	      0.00000000	      0.00000000
  20081.86718750	     51.61182785	    486.68901989	      0.00243747	      0.00000000	      0.00000000
  20590.05468750	     47.51371002	    503.47877940	      0.00187415	      0.00000000	      0.00000000
  21149.06054688	     43.41908646	    521.57755812	      0.00131115	      0.00000000	      0.00000000
  21763.96679688	     39.35861588	    541.50082892	      0.00087861	      0.00000000	      0.00000000
  22440.36328125	     35.36468124	    563.65041804	      0.00070593	      0.00000000	      0.00000000
  23184.40039062	     31.47110748	    588.20667878	      0.00070455	      0.00000000	      0.00000000
  24002.83984375	     27.71221352	    615.42520832	      0.00070461	      0.00000000	      0.00000000
  24903.12304688	     24.12174416	    645.71158192	      0.00070104	      0.00000000	      0.00000000
  25893.43554688	     20.73258018	    679.93111797	      0.00069915	      0.00000000	      0.00000000
  26982.77929688	     17.57809258	    719.28945733	      0.00070143	      0.00000000	      0.00000000
