      z[m]      p[mb]      tp[K]    q[g/kg]     u[m/s]     v[m/s]
      0.00,         64,    1009.32
     25.00000000	   1002.46166992	    297.41729728	     14.59837265	      0.00000000	      0.00000000
     75.00000000	    996.76507568	    297.31877838	     14.08607309	      0.00000000	      0.00000000
    127.84809875	    990.76696777	    297.33145186	     13.93490362	      0.00000000	      0.00000000
    186.71687317	    984.11572266	    297.36540288	     13.84149283	      0.00000000	      0.00000000
    252.29220581	    976.74481201	    297.40892839	     13.76009470	      0.00000000	      0.00000000
    325.33816528	    968.58154297	    297.46150124	     13.66670034	      0.00000000	      0.00000000
    406.70581055	    959.54693604	    297.52884820	     13.54484908	      0.00000000	      0.00000000
    497.34317017	    949.55572510	    297.62407428	     13.36578187	      0.00000000	      0.00000000
    598.30627441	    938.51672363	    297.77399148	     13.08370112	      0.00000000	      0.00000000
    710.77154541	    926.33337402	    298.02994798	     12.62758165	      0.00000000	      0.00000000
    836.04931641	    912.90484619	    298.44192587	     11.98632496	      0.00000000	      0.00000000
    975.59924316	    898.12701416	    298.99998144	     11.28523834	      0.00000000	      0.00000000
   1131.04724121	    881.89276123	    299.67966465	     10.60451176	      0.00000000	      0.00000000
   1304.20446777	    864.09594727	    300.46294672	      9.95783603	      0.00000000	      0.00000000
   1497.08850098	    844.62994385	    301.34079160	      9.32375880	      0.00000000	      0.00000000
   1711.94665527	    823.38232422	    302.30491876	      8.68643157	      0.00000000	      0.00000000
   1951.28234863	    800.23638916	    303.36086203	      8.04093604	      0.00000000	      0.00000000
   2217.88403320	    775.08129883	    304.53539386	      7.37574916	      0.00000000	      0.00000000
   2514.85815430	    747.82214355	    305.86609178	      6.65421899	      0.00000000	      0.00000000
   2845.66479492	    718.38800049	    307.37286075	      5.84072844	      0.00000000	      0.00000000
   3214.15820312	    686.73620605	    309.04431153	      4.95310458	      0.00000000	      0.00000000
   3624.63183594	    652.85076904	    310.85675288	      4.05406860	      0.00000000	      0.00000000
   4081.86840820	    616.74438477	    312.81720298	      3.22838796	      0.00000000	      0.00000000
   4581.86816406	    579.15716553	    314.92859351	      2.54807088	      0.00000000	      0.00000000
   5081.86816406	    543.45739746	    317.02062763	      2.03888954	      0.00000000	      0.00000000
   5581.86816406	    509.55505371	    319.10630349	      1.60630897	      0.00000000	      0.00000000
   6081.86816406	    477.38412476	    321.15261087	      1.21080544	      0.00000000	      0.00000000
   6581.86816406	    446.88452148	    323.06467239	      0.86799088	      0.00000000	      0.00000000
   7081.86816406	    417.97726440	    324.75414062	      0.60928089	      0.00000000	      0.00000000
   7581.86816406	    390.56689453	    326.18751042	      0.44103818	      0.00000000	      0.00000000
   8081.86816406	    364.56555176	    327.40720681	      0.33336446	      0.00000000	      0.00000000
   8581.86816406	    339.90286255	    328.48035260	      0.25534614	      0.00000000	      0.00000000
   9081.86816406	    316.52078247	    329.44749140	      0.19035744	      0.00000000	      0.00000000
   9581.86816406	    294.36755371	    330.31586301	      0.13610667	      0.00000000	      0.00000000
  10081.86816406	    273.39538574	    331.10097551	      0.09390527	      0.00000000	      0.00000000
  10581.86816406	    253.55912781	    331.85006669	      0.06298178	      0.00000000	      0.00000000
  11081.86816406	    234.81599426	    332.63491980	      0.04122581	      0.00000000	      0.00000000
  11581.86816406	    217.12742615	    333.54093909	      0.02654881	      0.00000000	      0.00000000
  12081.86816406	    200.46052551	    334.71267824	      0.01693427	      0.00000000	      0.00000000
  12581.86816406	    184.79133606	    336.39714182	      0.01088183	      0.00000000	      0.00000000
  13081.86816406	    170.10754395	    338.91232889	      0.00726057	      0.00000000	      0.00000000
  13581.86816406	    156.40048218	    342.52263204	      0.00534362	      0.00000000	      0.00000000
  14081.86816406	    143.65161133	    347.32222166	      0.00449433	      0.00000000	      0.00000000
  14581.86816406	    131.83520508	    353.33942343	      0.00417346	      0.00000000	      0.00000000
  15081.86816406	    120.93195343	    360.70805527	      0.00412420	      0.00000000	      0.00000000
  15581.86816406	    110.92175293	    369.59892491	      0.00424926	      0.00000000	      0.00000000
  16081.86816406	    101.75572205	    379.79870151	      0.00445551	      0.00000000	      0.00000000
  16581.86718750	     93.35500336	    390.43887152	      0.00459736	      0.00000000	      0.00000000
  17081.86718750	     85.64849854	    400.83876667	      0.00458109	      0.00000000	      0.00000000
  17581.86718750	     78.59004974	    411.14904980	      0.00441905	      0.00000000	      0.00000000
  18081.86718750	     72.13994598	    422.52700937	      0.00413008	      0.00000000	      0.00000000
  18581.86718750	     66.25749207	    436.75403629	      0.00379100	      0.00000000	      0.00000000
  19081.86718750	     60.90442657	    452.94987938	      0.00342489	      0.00000000	      0.00000000
  19581.86718750	     56.03910446	    469.82743582	      0.00296717	      0.00000000	      0.00000000
  20081.86718750	     51.61346054	    486.68628321	      0.00244241	      0.00000000	      0.00000000
  20590.05468750	     47.51531982	    503.43511324	      0.00188053	      0.00000000	      0.00000000
  21149.06054688	     43.42031097	    521.45698901	      0.00131455	      0.00000000	      0.00000000
  21763.96679688	     39.35882950	    541.26930691	      0.00087856	      0.00000000	      0.00000000
  22440.36328125	     35.36326218	    563.33824203	      0.00070638	      0.00000000	      0.00000000
  23184.40039062	     31.46778679	    587.85112699	      0.00070501	      0.00000000	      0.00000000
  24002.83984375	     27.70702744	    615.03214162	      0.00070518	      0.00000000	      0.00000000
  24903.12304688	     24.11490631	    645.29186377	      0.00070188	      0.00000000	      0.00000000
  25893.43554688	     20.72450447	    679.51647848	      0.00069930	      0.00000000	      0.00000000
  26982.77929688	     17.56925583	    718.88222467	      0.00070061	      0.00000000	      0.00000000
  10000.00,         64,    1009.32
     25.00000000	   1002.46166992	    297.41729728	     14.59837265	      0.00000000	      0.00000000
     75.00000000	    996.76507568	    297.31877838	     14.08607309	      0.00000000	      0.00000000
    127.84809875	    990.76696777	    297.33145186	     13.93490362	      0.00000000	      0.00000000
    186.71687317	    984.11572266	    297.36540288	     13.84149283	      0.00000000	      0.00000000
    252.29220581	    976.74481201	    297.40892839	     13.76009470	      0.00000000	      0.00000000
    325.33816528	    968.58154297	    297.46150124	     13.66670034	      0.00000000	      0.00000000
    406.70581055	    959.54693604	    297.52884820	     13.54484908	      0.00000000	      0.00000000
    497.34317017	    949.55572510	    297.62407428	     13.36578187	      0.00000000	      0.00000000
    598.30627441	    938.51672363	    297.77399148	     13.08370112	      0.00000000	      0.00000000
    710.77154541	    926.33337402	    298.02994798	     12.62758165	      0.00000000	      0.00000000
    836.04931641	    912.90484619	    298.44192587	     11.98632496	      0.00000000	      0.00000000
    975.59924316	    898.12701416	    298.99998144	     11.28523834	      0.00000000	      0.00000000
   1131.04724121	    881.89276123	    299.67966465	     10.60451176	      0.00000000	      0.00000000
   1304.20446777	    864.09594727	    300.46294672	      9.95783603	      0.00000000	      0.00000000
   1497.08850098	    844.62994385	    301.34079160	      9.32375880	      0.00000000	      0.00000000
   1711.94665527	    823.38232422	    302.30491876	      8.68643157	      0.00000000	      0.00000000
   1951.28234863	    800.23638916	    303.36086203	      8.04093604	      0.00000000	      0.00000000
   2217.88403320	    775.08129883	    304.53539386	      7.37574916	      0.00000000	      0.00000000
   2514.85815430	    747.82214355	    305.86609178	      6.65421899	      0.00000000	      0.00000000
   2845.66479492	    718.38800049	    307.37286075	      5.84072844	      0.00000000	      0.00000000
   3214.15820312	    686.73620605	    309.04431153	      4.95310458	      0.00000000	      0.00000000
   3624.63183594	    652.85076904	    310.85675288	      4.05406860	      0.00000000	      0.00000000
   4081.86840820	    616.74438477	    312.81720298	      3.22838796	      0.00000000	      0.00000000
   4581.86816406	    579.15716553	    314.92859351	      2.54807088	      0.00000000	      0.00000000
   5081.86816406	    543.45739746	    317.02062763	      2.03888954	      0.00000000	      0.00000000
   5581.86816406	    509.55505371	    319.10630349	      1.60630897	      0.00000000	      0.00000000
   6081.86816406	    477.38412476	    321.15261087	      1.21080544	      0.00000000	      0.00000000
   6581.86816406	    446.88452148	    323.06467239	      0.86799088	      0.00000000	      0.00000000
   7081.86816406	    417.97726440	    324.75414062	      0.60928089	      0.00000000	      0.00000000
   7581.86816406	    390.56689453	    326.18751042	      0.44103818	      0.00000000	      0.00000000
   8081.86816406	    364.56555176	    327.40720681	      0.33336446	      0.00000000	      0.00000000
   8581.86816406	    339.90286255	    328.48035260	      0.25534614	      0.00000000	      0.00000000
   9081.86816406	    316.52078247	    329.44749140	      0.19035744	      0.00000000	      0.00000000
   9581.86816406	    294.36755371	    330.31586301	      0.13610667	      0.00000000	      0.00000000
  10081.86816406	    273.39538574	    331.10097551	      0.09390527	      0.00000000	      0.00000000
  10581.86816406	    253.55912781	    331.85006669	      0.06298178	      0.00000000	      0.00000000
  11081.86816406	    234.81599426	    332.63491980	      0.04122581	      0.00000000	      0.00000000
  11581.86816406	    217.12742615	    333.54093909	      0.02654881	      0.00000000	      0.00000000
  12081.86816406	    200.46052551	    334.71267824	      0.01693427	      0.00000000	      0.00000000
  12581.86816406	    184.79133606	    336.39714182	      0.01088183	      0.00000000	      0.00000000
  13081.86816406	    170.10754395	    338.91232889	      0.00726057	      0.00000000	      0.00000000
  13581.86816406	    156.40048218	    342.52263204	      0.00534362	      0.00000000	      0.00000000
  14081.86816406	    143.65161133	    347.32222166	      0.00449433	      0.00000000	      0.00000000
  14581.86816406	    131.83520508	    353.33942343	      0.00417346	      0.00000000	      0.00000000
  15081.86816406	    120.93195343	    360.70805527	      0.00412420	      0.00000000	      0.00000000
  15581.86816406	    110.92175293	    369.59892491	      0.00424926	      0.00000000	      0.00000000
  16081.86816406	    101.75572205	    379.79870151	      0.00445551	      0.00000000	      0.00000000
  16581.86718750	     93.35500336	    390.43887152	      0.00459736	      0.00000000	      0.00000000
  17081.86718750	     85.64849854	    400.83876667	      0.00458109	      0.00000000	      0.00000000
  17581.86718750	     78.59004974	    411.14904980	      0.00441905	      0.00000000	      0.00000000
  18081.86718750	     72.13994598	    422.52700937	      0.00413008	      0.00000000	      0.00000000
  18581.86718750	     66.25749207	    436.75403629	      0.00379100	      0.00000000	      0.00000000
  19081.86718750	     60.90442657	    452.94987938	      0.00342489	      0.00000000	      0.00000000
  19581.86718750	     56.03910446	    469.82743582	      0.00296717	      0.00000000	      0.00000000
  20081.86718750	     51.61346054	    486.68628321	      0.00244241	      0.00000000	      0.00000000
  20590.05468750	     47.51531982	    503.43511324	      0.00188053	      0.00000000	      0.00000000
  21149.06054688	     43.42031097	    521.45698901	      0.00131455	      0.00000000	      0.00000000
  21763.96679688	     39.35882950	    541.26930691	      0.00087856	      0.00000000	      0.00000000
  22440.36328125	     35.36326218	    563.33824203	      0.00070638	      0.00000000	      0.00000000
  23184.40039062	     31.46778679	    587.85112699	      0.00070501	      0.00000000	      0.00000000
  24002.83984375	     27.70702744	    615.03214162	      0.00070518	      0.00000000	      0.00000000
  24903.12304688	     24.11490631	    645.29186377	      0.00070188	      0.00000000	      0.00000000
  25893.43554688	     20.72450447	    679.51647848	      0.00069930	      0.00000000	      0.00000000
  26982.77929688	     17.56925583	    718.88222467	      0.00070061	      0.00000000	      0.00000000
