      z[m]      p[mb]      tp[K]    q[g/kg]     u[m/s]     v[m/s]
      0.00,         64,    1009.32
     25.00000000	   1002.59497070	    297.12739166	     14.71353358	      0.00000000	      0.00000000
     75.00000000	    996.89306641	    297.02422257	     14.16961497	      0.00000000	      0.00000000
    127.84809875	    990.88928223	    297.05849555	     13.99497967	      0.00000000	      0.00000000
    186.71687317	    984.23229980	    297.11970426	     13.88530809	      0.00000000	      0.00000000
    252.29220581	    976.85559082	    297.19237002	     13.78853403	      0.00000000	      0.00000000
    325.33816528	    968.68670654	    297.27525434	     13.67685502	      0.00000000	      0.00000000
    406.70581055	    959.64660645	    297.37494455	     13.53261299	      0.00000000	      0.00000000
    497.34317017	    949.65039062	    297.50554746	     13.32729190	      0.00000000	      0.00000000
    598.30627441	    938.60699463	    297.69426576	     13.02088493	      0.00000000	      0.00000000
    710.77154541	    926.42022705	    297.98343886	     12.56614962	      0.00000000	      0.00000000
    836.04931641	    912.98907471	    298.40546480	     11.97706685	      0.00000000	      0.00000000
    975.59924316	    898.20898438	    298.95272293	     11.34315343	      0.00000000	      0.00000000
   1131.04724121	    881.97235107	    299.60882917	     10.72388588	      0.00000000	      0.00000000
   1304.20446777	    864.17272949	    300.36329352	     10.12386515	      0.00000000	      0.00000000
   1497.08850098	    844.70324707	    301.21286538	      9.52745864	      0.00000000	      0.00000000
   1711.94665527	    823.45111084	    302.15546553	      8.92458995	      0.00000000	      0.00000000
   1951.28234863	    800.29925537	    303.19474201	      8.31252999	      0.00000000	      0.00000000
   2217.88403320	    775.13653564	    304.34817594	      7.68548717	      0.00000000	      0.00000000
   2514.85815430	    747.86755371	    305.64388227	      7.02560634	      0.00000000	      0.00000000
   2845.66479492	    718.42077637	    307.10694440	      6.31197142	      0.00000000	      0.00000000
   3214.15820312	    686.75396729	    308.74226967	      5.54498623	      0.00000000	      0.00000000
   3624.63183594	    652.85290527	    310.54682078	      4.74949500	      0.00000000	      0.00000000
   4081.86840820	    616.73315430	    312.53901168	      3.96062236	      0.00000000	      0.00000000
   4581.86816406	    579.13714600	    314.70973927	      3.21936115	      0.00000000	      0.00000000
   5081.86816406	    543.43341064	    316.84963205	      2.59346934	      0.00000000	      0.00000000
   5581.86816406	    509.52920532	    318.94940428	      2.04781454	      0.00000000	      0.00000000
   6081.86816406	    477.35534668	    320.98038744	      1.56303010	      0.00000000	      0.00000000
   6581.86816406	    446.85012817	    322.87899627	      1.14832762	      0.00000000	      0.00000000
   7081.86816406	    417.93591309	    324.58044288	      0.83068309	      0.00000000	      0.00000000
   7581.86816406	    390.52038574	    326.04736642	      0.61330865	      0.00000000	      0.00000000
   8081.86816406	    364.51855469	    327.32921231	      0.46080681	      0.00000000	      0.00000000
   8581.86816406	    339.86126709	    328.47973165	      0.34175466	      0.00000000	      0.00000000
   9081.86816406	    316.48904419	    329.49961264	      0.24319244	      0.00000000	      0.00000000
   9581.86816406	    294.34710693	    330.37822327	      0.16617862	      0.00000000	      0.00000000
  10081.86816406	    273.38497925	    331.13915307	      0.11074173	      0.00000000	      0.00000000
  10581.86816406	    253.55609131	    331.83938886	      0.07274419	      0.00000000	      0.00000000
  11081.86816406	    234.81697083	    332.56445139	      0.04690176	      0.00000000	      0.00000000
  11581.86816406	    217.12915039	    333.41297010	      0.02966732	      0.00000000	      0.00000000
  12081.86816406	    200.46028137	    334.53197415	      0.01851033	      0.00000000	      0.00000000
  12581.86816406	    184.78695679	    336.17137688	      0.01162565	      0.00000000	      0.00000000
  13081.86816406	    170.09756470	    338.66065246	      0.00762250	      0.00000000	      0.00000000
  13581.86816406	    156.38452148	    342.28474626	      0.00549821	      0.00000000	      0.00000000
  14081.86816406	    143.63117981	    347.17637534	      0.00456266	      0.00000000	      0.00000000
  14581.86816406	    131.81430054	    353.39228137	      0.00424011	      0.00000000	      0.00000000
  15081.86816406	    120.91538239	    360.96566271	      0.00421675	      0.00000000	      0.00000000
  15581.86816406	    110.91118622	    369.84063957	      0.00432941	      0.00000000	      0.00000000
  16081.86816406	    101.74760437	    379.73642637	      0.00446724	      0.00000000	      0.00000000
  16581.86718750	     93.34510803	    390.15345519	      0.00456469	      0.00000000	      0.00000000
  17081.86718750	     85.63691711	    400.66816969	      0.00456426	      0.00000000	      0.00000000
  17581.86718750	     78.57870483	    411.14416667	      0.00441657	      0.00000000	      0.00000000
  18081.86718750	     72.12867737	    422.45218014	      0.00412581	      0.00000000	      0.00000000
  18581.86718750	     66.24452209	    436.44808758	      0.00380213	      0.00000000	      0.00000000
  19081.86718750	     60.88949203	    452.71857467	      0.00343820	      0.00000000	      0.00000000
  19581.86718750	     56.02395248	    469.78494371	      0.00297207	      0.00000000	      0.00000000
  20081.86718750	     51.59954453	    486.75229085	      0.00243920	      0.00000000	      0.00000000
  20590.05468750	     47.50303268	    503.47685338	      0.00187650	      0.00000000	      0.00000000
  21149.06054688	     43.40920258	    521.39730688	      0.00131265	      0.00000000	      0.00000000
  21763.96679688	     39.34815598	    541.12033316	      0.00087790	      0.00000000	      0.00000000
  22440.36328125	     35.35252762	    563.15148490	      0.00070654	      0.00000000	      0.00000000
  23184.40039062	     31.45686722	    587.64866361	      0.00070508	      0.00000000	      0.00000000
  24002.83984375	     27.69596291	    614.81078187	      0.00070531	      0.00000000	      0.00000000
  24903.12304688	     24.10381889	    645.06612116	      0.00070214	      0.00000000	      0.00000000
  25893.43554688	     20.71365738	    679.31468565	      0.00069913	      0.00000000	      0.00000000
  26982.77929688	     17.55888367	    718.69270190	      0.00069988	      0.00000000	      0.00000000
  10000.00,         64,    1009.32
     25.00000000	   1002.59497070	    297.12739166	     14.71353358	      0.00000000	      0.00000000
     75.00000000	    996.89306641	    297.02422257	     14.16961497	      0.00000000	      0.00000000
    127.84809875	    990.88928223	    297.05849555	     13.99497967	      0.00000000	      0.00000000
    186.71687317	    984.23229980	    297.11970426	     13.88530809	      0.00000000	      0.00000000
    252.29220581	    976.85559082	    297.19237002	     13.78853403	      0.00000000	      0.00000000
    325.33816528	    968.68670654	    297.27525434	     13.67685502	      0.00000000	      0.00000000
    406.70581055	    959.64660645	    297.37494455	     13.53261299	      0.00000000	      0.00000000
    497.34317017	    949.65039062	    297.50554746	     13.32729190	      0.00000000	      0.00000000
    598.30627441	    938.60699463	    297.69426576	     13.02088493	      0.00000000	      0.00000000
    710.77154541	    926.42022705	    297.98343886	     12.56614962	      0.00000000	      0.00000000
    836.04931641	    912.98907471	    298.40546480	     11.97706685	      0.00000000	      0.00000000
    975.59924316	    898.20898438	    298.95272293	     11.34315343	      0.00000000	      0.00000000
   1131.04724121	    881.97235107	    299.60882917	     10.72388588	      0.00000000	      0.00000000
   1304.20446777	    864.17272949	    300.36329352	     10.12386515	      0.00000000	      0.00000000
   1497.08850098	    844.70324707	    301.21286538	      9.52745864	      0.00000000	      0.00000000
   1711.94665527	    823.45111084	    302.15546553	      8.92458995	      0.00000000	      0.00000000
   1951.28234863	    800.29925537	    303.19474201	      8.31252999	      0.00000000	      0.00000000
   2217.88403320	    775.13653564	    304.34817594	      7.68548717	      0.00000000	      0.00000000
   2514.85815430	    747.86755371	    305.64388227	      7.02560634	      0.00000000	      0.00000000
   2845.66479492	    718.42077637	    307.10694440	      6.31197142	      0.00000000	      0.00000000
   3214.15820312	    686.75396729	    308.74226967	      5.54498623	      0.00000000	      0.00000000
   3624.63183594	    652.85290527	    310.54682078	      4.74949500	      0.00000000	      0.00000000
   4081.86840820	    616.73315430	    312.53901168	      3.96062236	      0.00000000	      0.00000000
   4581.86816406	    579.13714600	    314.70973927	      3.21936115	      0.00000000	      0.00000000
   5081.86816406	    543.43341064	    316.84963205	      2.59346934	      0.00000000	      0.00000000
   5581.86816406	    509.52920532	    318.94940428	      2.04781454	      0.00000000	      0.00000000
   6081.86816406	    477.35534668	    320.98038744	      1.56303010	      0.00000000	      0.00000000
   6581.86816406	    446.85012817	    322.87899627	      1.14832762	      0.00000000	      0.00000000
   7081.86816406	    417.93591309	    324.58044288	      0.83068309	      0.00000000	      0.00000000
   7581.86816406	    390.52038574	    326.04736642	      0.61330865	      0.00000000	      0.00000000
   8081.86816406	    364.51855469	    327.32921231	      0.46080681	      0.00000000	      0.00000000
   8581.86816406	    339.86126709	    328.47973165	      0.34175466	      0.00000000	      0.00000000
   9081.86816406	    316.48904419	    329.49961264	      0.24319244	      0.00000000	      0.00000000
   9581.86816406	    294.34710693	    330.37822327	      0.16617862	      0.00000000	      0.00000000
  10081.86816406	    273.38497925	    331.13915307	      0.11074173	      0.00000000	      0.00000000
  10581.86816406	    253.55609131	    331.83938886	      0.07274419	      0.00000000	      0.00000000
  11081.86816406	    234.81697083	    332.56445139	      0.04690176	      0.00000000	      0.00000000
  11581.86816406	    217.12915039	    333.41297010	      0.02966732	      0.00000000	      0.00000000
  12081.86816406	    200.46028137	    334.53197415	      0.01851033	      0.00000000	      0.00000000
  12581.86816406	    184.78695679	    336.17137688	      0.01162565	      0.00000000	      0.00000000
  13081.86816406	    170.09756470	    338.66065246	      0.00762250	      0.00000000	      0.00000000
  13581.86816406	    156.38452148	    342.28474626	      0.00549821	      0.00000000	      0.00000000
  14081.86816406	    143.63117981	    347.17637534	      0.00456266	      0.00000000	      0.00000000
  14581.86816406	    131.81430054	    353.39228137	      0.00424011	      0.00000000	      0.00000000
  15081.86816406	    120.91538239	    360.96566271	      0.00421675	      0.00000000	      0.00000000
  15581.86816406	    110.91118622	    369.84063957	      0.00432941	      0.00000000	      0.00000000
  16081.86816406	    101.74760437	    379.73642637	      0.00446724	      0.00000000	      0.00000000
  16581.86718750	     93.34510803	    390.15345519	      0.00456469	      0.00000000	      0.00000000
  17081.86718750	     85.63691711	    400.66816969	      0.00456426	      0.00000000	      0.00000000
  17581.86718750	     78.57870483	    411.14416667	      0.00441657	      0.00000000	      0.00000000
  18081.86718750	     72.12867737	    422.45218014	      0.00412581	      0.00000000	      0.00000000
  18581.86718750	     66.24452209	    436.44808758	      0.00380213	      0.00000000	      0.00000000
  19081.86718750	     60.88949203	    452.71857467	      0.00343820	      0.00000000	      0.00000000
  19581.86718750	     56.02395248	    469.78494371	      0.00297207	      0.00000000	      0.00000000
  20081.86718750	     51.59954453	    486.75229085	      0.00243920	      0.00000000	      0.00000000
  20590.05468750	     47.50303268	    503.47685338	      0.00187650	      0.00000000	      0.00000000
  21149.06054688	     43.40920258	    521.39730688	      0.00131265	      0.00000000	      0.00000000
  21763.96679688	     39.34815598	    541.12033316	      0.00087790	      0.00000000	      0.00000000
  22440.36328125	     35.35252762	    563.15148490	      0.00070654	      0.00000000	      0.00000000
  23184.40039062	     31.45686722	    587.64866361	      0.00070508	      0.00000000	      0.00000000
  24002.83984375	     27.69596291	    614.81078187	      0.00070531	      0.00000000	      0.00000000
  24903.12304688	     24.10381889	    645.06612116	      0.00070214	      0.00000000	      0.00000000
  25893.43554688	     20.71365738	    679.31468565	      0.00069913	      0.00000000	      0.00000000
  26982.77929688	     17.55888367	    718.69270190	      0.00069988	      0.00000000	      0.00000000
