      z[m]      p[mb]      tp[K]    q[g/kg]     u[m/s]     v[m/s]
      0.00,         64,    1009.32
     25.00000000	   1002.83508301	    296.56571635	     14.94887079	      0.00000000	      0.00000000
     75.00000000	    997.12280273	    296.46606571	     14.32727011	      0.00000000	      0.00000000
    127.84809875	    991.10845947	    296.55829522	     14.11145918	      0.00000000	      0.00000000
    186.71687317	    984.44085693	    296.68005051	     13.97631617	      0.00000000	      0.00000000
    252.29220581	    977.05383301	    296.81585596	     13.85891232	      0.00000000	      0.00000000
    325.33816528	    968.87512207	    296.96183677	     13.72492365	      0.00000000	      0.00000000
    406.70581055	    959.82598877	    297.12649470	     13.55740844	      0.00000000	      0.00000000
    497.34317017	    949.82183838	    297.32218786	     13.33474646	      0.00000000	      0.00000000
    598.30627441	    938.77185059	    297.56730440	     13.03905123	      0.00000000	      0.00000000
    710.77154541	    926.57989502	    297.88684818	     12.65251284	      0.00000000	      0.00000000
    836.04931641	    913.14434814	    298.29840080	     12.18792817	      0.00000000	      0.00000000
    975.59924316	    898.35931396	    298.80880710	     11.67286238	      0.00000000	      0.00000000
   1131.04724121	    882.11584473	    299.42373024	     11.12441175	      0.00000000	      0.00000000
   1304.20446777	    864.30639648	    300.14915790	     10.55094395	      0.00000000	      0.00000000
   1497.08850098	    844.82391357	    300.97809495	      9.96133748	      0.00000000	      0.00000000
   1711.94665527	    823.55596924	    301.90491353	      9.35431527	      0.00000000	      0.00000000
   1951.28234863	    800.38562012	    302.92998556	      8.73412337	      0.00000000	      0.00000000
   2217.88403320	    775.20147705	    304.06879202	      8.10027203	      0.00000000	      0.00000000
   2514.85815430	    747.90795898	    305.35677332	      7.43812546	      0.00000000	      0.00000000
   2845.66479492	    718.43402100	    306.81880302	      6.73333313	      0.00000000	      0.00000000
   3214.15820312	    686.73822021	    308.46560819	      5.98274823	      0.00000000	      0.00000000
   3624.63183594	    652.80773926	    310.29678432	      5.19905535	      0.00000000	      0.00000000
   4081.86840820	    616.66094971	    312.34041826	      4.40611531	      0.00000000	      0.00000000
   4581.86816406	    579.04461670	    314.58779099	      3.64178934	      0.00000000	      0.00000000
   5081.86816406	    543.32952881	    316.80042298	      2.97869550	      0.00000000	      0.00000000
   5581.86816406	    509.42001343	    318.95947241	      2.38554114	      0.00000000	      0.00000000
   6081.86816406	    477.24545288	    321.04833906	      1.84229682	      0.00000000	      0.00000000
   6581.86816406	    446.74450684	    323.01727193	      1.37020660	      0.00000000	      0.00000000
   7081.86816406	    417.83996582	    324.80214437	      1.00205776	      0.00000000	      0.00000000
   7581.86816406	    390.43865967	    326.34938279	      0.74246607	      0.00000000	      0.00000000
   8081.86816406	    364.45437622	    327.70901139	      0.55524075	      0.00000000	      0.00000000
   8581.86816406	    339.81729126	    328.91693524	      0.40897994	      0.00000000	      0.00000000
   9081.86816406	    316.46670532	    329.96810558	      0.28993246	      0.00000000	      0.00000000
   9581.86816406	    294.34603882	    330.85290365	      0.19726215	      0.00000000	      0.00000000
  10081.86816406	    273.40286255	    331.59415956	      0.13023824	      0.00000000	      0.00000000
  10581.86816406	    253.58888245	    332.24917799	      0.08442232	      0.00000000	      0.00000000
  11081.86816406	    234.85971069	    332.90113194	      0.05391983	      0.00000000	      0.00000000
  11581.86816406	    217.17625427	    333.64799220	      0.03385980	      0.00000000	      0.00000000
  12081.86816406	    200.50543213	    334.62899990	      0.02093288	      0.00000000	      0.00000000
  12581.86816406	    184.82255554	    336.06625684	      0.01289772	      0.00000000	      0.00000000
  13081.86816406	    170.11436462	    338.27115912	      0.00821832	      0.00000000	      0.00000000
  13581.86816406	    156.37408447	    341.60648290	      0.00573548	      0.00000000	      0.00000000
  14081.86816406	    143.59236145	    346.45077962	      0.00461113	      0.00000000	      0.00000000
  14581.86816406	    131.75892639	    353.09170173	      0.00423020	      0.00000000	      0.00000000
  15081.86816406	    120.86322021	    361.33528947	      0.00423574	      0.00000000	      0.00000000
  15581.86816406	    110.87465668	    370.52932963	      0.00437260	      0.00000000	      0.00000000
  16081.86816406	    101.72586060	    380.30139685	      0.00450456	      0.00000000	      0.00000000
  16581.86718750	     93.33250427	    390.51780593	      0.00459827	      0.00000000	      0.00000000
  17081.86718750	     85.63128662	    401.04176610	      0.00458973	      0.00000000	      0.00000000
  17581.86718750	     78.58055878	    411.63555659	      0.00444826	      0.00000000	      0.00000000
  18081.86718750	     72.13616180	    422.83546871	      0.00416175	      0.00000000	      0.00000000
  18581.86718750	     66.25234222	    436.40833510	      0.00383827	      0.00000000	      0.00000000
  19081.86718750	     60.89383316	    452.46735279	      0.00346449	      0.00000000	      0.00000000
  19581.86718750	     56.02507782	    469.63367477	      0.00298267	      0.00000000	      0.00000000
  20081.86718750	     51.59930801	    486.75769194	      0.00243637	      0.00000000	      0.00000000
  20590.05468750	     47.50240326	    503.52707675	      0.00186781	      0.00000000	      0.00000000
  21149.06054688	     43.40821457	    521.44233696	      0.00130456	      0.00000000	      0.00000000
  21763.96679688	     39.34672546	    541.16904348	      0.00087451	      0.00000000	      0.00000000
  22440.36328125	     35.35074234	    563.19365251	      0.00070869	      0.00000000	      0.00000000
  23184.40039062	     31.45484924	    587.67901295	      0.00070719	      0.00000000	      0.00000000
  24002.83984375	     27.69381332	    614.83070604	      0.00070748	      0.00000000	      0.00000000
  24903.12304688	     24.10161209	    645.07858169	      0.00070457	      0.00000000	      0.00000000
  25893.43554688	     20.71150017	    679.33663371	      0.00070169	      0.00000000	      0.00000000
  26982.77929688	     17.55685425	    718.70680937	      0.00070230	      0.00000000	      0.00000000
  10000.00,         64,    1009.32
     25.00000000	   1002.83508301	    296.56571635	     14.94887079	      0.00000000	      0.00000000
     75.00000000	    997.12280273	    296.46606571	     14.32727011	      0.00000000	      0.00000000
    127.84809875	    991.10845947	    296.55829522	     14.11145918	      0.00000000	      0.00000000
    186.71687317	    984.44085693	    296.68005051	     13.97631617	      0.00000000	      0.00000000
    252.29220581	    977.05383301	    296.81585596	     13.85891232	      0.00000000	      0.00000000
    325.33816528	    968.87512207	    296.96183677	     13.72492365	      0.00000000	      0.00000000
    406.70581055	    959.82598877	    297.12649470	     13.55740844	      0.00000000	      0.00000000
    497.34317017	    949.82183838	    297.32218786	     13.33474646	      0.00000000	      0.00000000
    598.30627441	    938.77185059	    297.56730440	     13.03905123	      0.00000000	      0.00000000
    710.77154541	    926.57989502	    297.88684818	     12.65251284	      0.00000000	      0.00000000
    836.04931641	    913.14434814	    298.29840080	     12.18792817	      0.00000000	      0.00000000
    975.59924316	    898.35931396	    298.80880710	     11.67286238	      0.00000000	      0.00000000
   1131.04724121	    882.11584473	    299.42373024	     11.12441175	      0.00000000	      0.00000000
   1304.20446777	    864.30639648	    300.14915790	     10.55094395	      0.00000000	      0.00000000
   1497.08850098	    844.82391357	    300.97809495	      9.96133748	      0.00000000	      0.00000000
   1711.94665527	    823.55596924	    301.90491353	      9.35431527	      0.00000000	      0.00000000
   1951.28234863	    800.38562012	    302.92998556	      8.73412337	      0.00000000	      0.00000000
   2217.88403320	    775.20147705	    304.06879202	      8.10027203	      0.00000000	      0.00000000
   2514.85815430	    747.90795898	    305.35677332	      7.43812546	      0.00000000	      0.00000000
   2845.66479492	    718.43402100	    306.81880302	      6.73333313	      0.00000000	      0.00000000
   3214.15820312	    686.73822021	    308.46560819	      5.98274823	      0.00000000	      0.00000000
   3624.63183594	    652.80773926	    310.29678432	      5.19905535	      0.00000000	      0.00000000
   4081.86840820	    616.66094971	    312.34041826	      4.40611531	      0.00000000	      0.00000000
   4581.86816406	    579.04461670	    314.58779099	      3.64178934	      0.00000000	      0.00000000
   5081.86816406	    543.32952881	    316.80042298	      2.97869550	      0.00000000	      0.00000000
   5581.86816406	    509.42001343	    318.95947241	      2.38554114	      0.00000000	      0.00000000
   6081.86816406	    477.24545288	    321.04833906	      1.84229682	      0.00000000	      0.00000000
   6581.86816406	    446.74450684	    323.01727193	      1.37020660	      0.00000000	      0.00000000
   7081.86816406	    417.83996582	    324.80214437	      1.00205776	      0.00000000	      0.00000000
   7581.86816406	    390.43865967	    326.34938279	      0.74246607	      0.00000000	      0.00000000
   8081.86816406	    364.45437622	    327.70901139	      0.55524075	      0.00000000	      0.00000000
   8581.86816406	    339.81729126	    328.91693524	      0.40897994	      0.00000000	      0.00000000
   9081.86816406	    316.46670532	    329.96810558	      0.28993246	      0.00000000	      0.00000000
   9581.86816406	    294.34603882	    330.85290365	      0.19726215	      0.00000000	      0.00000000
  10081.86816406	    273.40286255	    331.59415956	      0.13023824	      0.00000000	      0.00000000
  10581.86816406	    253.58888245	    332.24917799	      0.08442232	      0.00000000	      0.00000000
  11081.86816406	    234.85971069	    332.90113194	      0.05391983	      0.00000000	      0.00000000
  11581.86816406	    217.17625427	    333.64799220	      0.03385980	      0.00000000	      0.00000000
  12081.86816406	    200.50543213	    334.62899990	      0.02093288	      0.00000000	      0.00000000
  12581.86816406	    184.82255554	    336.06625684	      0.01289772	      0.00000000	      0.00000000
  13081.86816406	    170.11436462	    338.27115912	      0.00821832	      0.00000000	      0.00000000
  13581.86816406	    156.37408447	    341.60648290	      0.00573548	      0.00000000	      0.00000000
  14081.86816406	    143.59236145	    346.45077962	      0.00461113	      0.00000000	      0.00000000
  14581.86816406	    131.75892639	    353.09170173	      0.00423020	      0.00000000	      0.00000000
  15081.86816406	    120.86322021	    361.33528947	      0.00423574	      0.00000000	      0.00000000
  15581.86816406	    110.87465668	    370.52932963	      0.00437260	      0.00000000	      0.00000000
  16081.86816406	    101.72586060	    380.30139685	      0.00450456	      0.00000000	      0.00000000
  16581.86718750	     93.33250427	    390.51780593	      0.00459827	      0.00000000	      0.00000000
  17081.86718750	     85.63128662	    401.04176610	      0.00458973	      0.00000000	      0.00000000
  17581.86718750	     78.58055878	    411.63555659	      0.00444826	      0.00000000	      0.00000000
  18081.86718750	     72.13616180	    422.83546871	      0.00416175	      0.00000000	      0.00000000
  18581.86718750	     66.25234222	    436.40833510	      0.00383827	      0.00000000	      0.00000000
  19081.86718750	     60.89383316	    452.46735279	      0.00346449	      0.00000000	      0.00000000
  19581.86718750	     56.02507782	    469.63367477	      0.00298267	      0.00000000	      0.00000000
  20081.86718750	     51.59930801	    486.75769194	      0.00243637	      0.00000000	      0.00000000
  20590.05468750	     47.50240326	    503.52707675	      0.00186781	      0.00000000	      0.00000000
  21149.06054688	     43.40821457	    521.44233696	      0.00130456	      0.00000000	      0.00000000
  21763.96679688	     39.34672546	    541.16904348	      0.00087451	      0.00000000	      0.00000000
  22440.36328125	     35.35074234	    563.19365251	      0.00070869	      0.00000000	      0.00000000
  23184.40039062	     31.45484924	    587.67901295	      0.00070719	      0.00000000	      0.00000000
  24002.83984375	     27.69381332	    614.83070604	      0.00070748	      0.00000000	      0.00000000
  24903.12304688	     24.10161209	    645.07858169	      0.00070457	      0.00000000	      0.00000000
  25893.43554688	     20.71150017	    679.33663371	      0.00070169	      0.00000000	      0.00000000
  26982.77929688	     17.55685425	    718.70680937	      0.00070230	      0.00000000	      0.00000000
