      z[m]      p[mb]      tp[K]    q[g/kg]     u[m/s]     v[m/s]
      0.00,         64,    1009.32
     25.00000000	   1003.06481934	    295.84357313	     15.14147630	      0.00000000	      0.00000000
     75.00000000	    997.33856201	    295.76074492	     14.48526179	      0.00000000	      0.00000000
    127.84809875	    991.31018066	    295.92692702	     14.25040825	      0.00000000	      0.00000000
    186.71687317	    984.62854004	    296.11654618	     14.09883124	      0.00000000	      0.00000000
    252.29220581	    977.22772217	    296.32356267	     13.97578512	      0.00000000	      0.00000000
    325.33816528	    969.03570557	    296.53800123	     13.84263066	      0.00000000	      0.00000000
    406.70581055	    959.97399902	    296.77048458	     13.68434560	      0.00000000	      0.00000000
    497.34317017	    949.95831299	    297.03302183	     13.48175505	      0.00000000	      0.00000000
    598.30627441	    938.89825439	    297.34033279	     13.22359274	      0.00000000	      0.00000000
    710.77154541	    926.69781494	    297.70572052	     12.90248094	      0.00000000	      0.00000000
    836.04931641	    913.25512695	    298.14001267	     12.51592812	      0.00000000	      0.00000000
    975.59924316	    898.46343994	    298.65202557	     12.07180631	      0.00000000	      0.00000000
   1131.04724121	    882.21234131	    299.25896782	     11.57130980	      0.00000000	      0.00000000
   1304.20446777	    864.39251709	    299.96909060	     11.02222350	      0.00000000	      0.00000000
   1497.08850098	    844.89599609	    300.78572170	     10.43298990	      0.00000000	      0.00000000
   1711.94665527	    823.61090088	    301.70225577	      9.81989556	      0.00000000	      0.00000000
   1951.28234863	    800.42144775	    302.72264827	      9.18717332	      0.00000000	      0.00000000
   2217.88403320	    775.21624756	    303.85730908	      8.53949400	      0.00000000	      0.00000000
   2514.85815430	    747.89990234	    305.15275387	      7.86296987	      0.00000000	      0.00000000
   2845.66479492	    718.40161133	    306.63022181	      7.14565195	      0.00000000	      0.00000000
   3214.15820312	    686.68041992	    308.29759346	      6.38702717	      0.00000000	      0.00000000
   3624.63183594	    652.72485352	    310.15807371	      5.60357222	      0.00000000	      0.00000000
   4081.86840820	    616.55596924	    312.24923107	      4.80791346	      0.00000000	      0.00000000
   4581.86816406	    578.92517090	    314.59025267	      4.01125461	      0.00000000	      0.00000000
   5081.86816406	    543.20642090	    316.90494880	      3.30041164	      0.00000000	      0.00000000
   5581.86816406	    509.30010986	    319.13555759	      2.65962404	      0.00000000	      0.00000000
   6081.86816406	    477.13238525	    321.27897088	      2.07319571	      0.00000000	      0.00000000
   6581.86816406	    446.64169312	    323.30392359	      1.55996844	      0.00000000	      0.00000000
   7081.86816406	    417.75170898	    325.16284118	      1.15351816	      0.00000000	      0.00000000
   7581.86816406	    390.36837769	    326.78642948	      0.86063251	      0.00000000	      0.00000000
   8081.86816406	    364.40396118	    328.21531507	      0.64124041	      0.00000000	      0.00000000
   8581.86816406	    339.78735352	    329.46906721	      0.46988903	      0.00000000	      0.00000000
   9081.86816406	    316.45709229	    330.54697916	      0.33332829	      0.00000000	      0.00000000
   9581.86816406	    294.35595703	    331.44881411	      0.22694489	      0.00000000	      0.00000000
  10081.86816406	    273.43063354	    332.19040124	      0.15002680	      0.00000000	      0.00000000
  10581.86816406	    253.63191223	    332.83086084	      0.09701047	      0.00000000	      0.00000000
  11081.86816406	    234.91468811	    333.44241003	      0.06155950	      0.00000000	      0.00000000
  11581.86816406	    217.23902893	    334.11177808	      0.03826862	      0.00000000	      0.00000000
  12081.86816406	    200.57055664	    334.96512747	      0.02330204	      0.00000000	      0.00000000
  12581.86816406	    184.88195801	    336.17592925	      0.01412183	      0.00000000	      0.00000000
  13081.86816406	    170.15675354	    338.03016541	      0.00877588	      0.00000000	      0.00000000
  13581.86816406	    156.38952637	    341.04093165	      0.00589188	      0.00000000	      0.00000000
  14081.86816406	    143.57997131	    345.81592718	      0.00458802	      0.00000000	      0.00000000
  14581.86816406	    131.72943115	    352.72088472	      0.00418166	      0.00000000	      0.00000000
  15081.86816406	    120.83155823	    361.36889319	      0.00422265	      0.00000000	      0.00000000
  15581.86816406	    110.84905243	    370.77372042	      0.00440552	      0.00000000	      0.00000000
  16081.86816406	    101.70553589	    380.54076148	      0.00456010	      0.00000000	      0.00000000
  16581.86718750	     93.31472015	    390.73508913	      0.00465294	      0.00000000	      0.00000000
  17081.86718750	     85.61582184	    401.25560584	      0.00464849	      0.00000000	      0.00000000
  17581.86718750	     78.56847382	    411.88651263	      0.00450870	      0.00000000	      0.00000000
  18081.86718750	     72.12795258	    423.17509899	      0.00421162	      0.00000000	      0.00000000
  18581.86718750	     66.24620819	    436.59332896	      0.00387421	      0.00000000	      0.00000000
  19081.86718750	     60.88772583	    452.54886335	      0.00347930	      0.00000000	      0.00000000
  19581.86718750	     56.01891708	    469.71747212	      0.00298456	      0.00000000	      0.00000000
  20081.86718750	     51.59358978	    486.88236632	      0.00243273	      0.00000000	      0.00000000
  20590.05468750	     47.49731445	    503.68668556	      0.00186281	      0.00000000	      0.00000000
  21149.06054688	     43.40368652	    521.62660704	      0.00129978	      0.00000000	      0.00000000
  21763.96679688	     39.34269333	    541.36008192	      0.00087268	      0.00000000	      0.00000000
  22440.36328125	     35.34726715	    563.37554494	      0.00071195	      0.00000000	      0.00000000
  23184.40039062	     31.45199394	    587.84471655	      0.00071043	      0.00000000	      0.00000000
  24002.83984375	     27.69155884	    614.97952865	      0.00071073	      0.00000000	      0.00000000
  24903.12304688	     24.09991646	    645.21809623	      0.00070793	      0.00000000	      0.00000000
  25893.43554688	     20.71033859	    679.47468369	      0.00070532	      0.00000000	      0.00000000
  26982.77929688	     17.55616570	    718.82582641	      0.00070594	      0.00000000	      0.00000000
  10000.00,         64,    1009.32
     25.00000000	   1003.06481934	    295.84357313	     15.14147630	      0.00000000	      0.00000000
     75.00000000	    997.33856201	    295.76074492	     14.48526179	      0.00000000	      0.00000000
    127.84809875	    991.31018066	    295.92692702	     14.25040825	      0.00000000	      0.00000000
    186.71687317	    984.62854004	    296.11654618	     14.09883124	      0.00000000	      0.00000000
    252.29220581	    977.22772217	    296.32356267	     13.97578512	      0.00000000	      0.00000000
    325.33816528	    969.03570557	    296.53800123	     13.84263066	      0.00000000	      0.00000000
    406.70581055	    959.97399902	    296.77048458	     13.68434560	      0.00000000	      0.00000000
    497.34317017	    949.95831299	    297.03302183	     13.48175505	      0.00000000	      0.00000000
    598.30627441	    938.89825439	    297.34033279	     13.22359274	      0.00000000	      0.00000000
    710.77154541	    926.69781494	    297.70572052	     12.90248094	      0.00000000	      0.00000000
    836.04931641	    913.25512695	    298.14001267	     12.51592812	      0.00000000	      0.00000000
    975.59924316	    898.46343994	    298.65202557	     12.07180631	      0.00000000	      0.00000000
   1131.04724121	    882.21234131	    299.25896782	     11.57130980	      0.00000000	      0.00000000
   1304.20446777	    864.39251709	    299.96909060	     11.02222350	      0.00000000	      0.00000000
   1497.08850098	    844.89599609	    300.78572170	     10.43298990	      0.00000000	      0.00000000
   1711.94665527	    823.61090088	    301.70225577	      9.81989556	      0.00000000	      0.00000000
   1951.28234863	    800.42144775	    302.72264827	      9.18717332	      0.00000000	      0.00000000
   2217.88403320	    775.21624756	    303.85730908	      8.53949400	      0.00000000	      0.00000000
   2514.85815430	    747.89990234	    305.15275387	      7.86296987	      0.00000000	      0.00000000
   2845.66479492	    718.40161133	    306.63022181	      7.14565195	      0.00000000	      0.00000000
   3214.15820312	    686.68041992	    308.29759346	      6.38702717	      0.00000000	      0.00000000
   3624.63183594	    652.72485352	    310.15807371	      5.60357222	      0.00000000	      0.00000000
   4081.86840820	    616.55596924	    312.24923107	      4.80791346	      0.00000000	      0.00000000
   4581.86816406	    578.92517090	    314.59025267	      4.01125461	      0.00000000	      0.00000000
   5081.86816406	    543.20642090	    316.90494880	      3.30041164	      0.00000000	      0.00000000
   5581.86816406	    509.30010986	    319.13555759	      2.65962404	      0.00000000	      0.00000000
   6081.86816406	    477.13238525	    321.27897088	      2.07319571	      0.00000000	      0.00000000
   6581.86816406	    446.64169312	    323.30392359	      1.55996844	      0.00000000	      0.00000000
   7081.86816406	    417.75170898	    325.16284118	      1.15351816	      0.00000000	      0.00000000
   7581.86816406	    390.36837769	    326.78642948	      0.86063251	      0.00000000	      0.00000000
   8081.86816406	    364.40396118	    328.21531507	      0.64124041	      0.00000000	      0.00000000
   8581.86816406	    339.78735352	    329.46906721	      0.46988903	      0.00000000	      0.00000000
   9081.86816406	    316.45709229	    330.54697916	      0.33332829	      0.00000000	      0.00000000
   9581.86816406	    294.35595703	    331.44881411	      0.22694489	      0.00000000	      0.00000000
  10081.86816406	    273.43063354	    332.19040124	      0.15002680	      0.00000000	      0.00000000
  10581.86816406	    253.63191223	    332.83086084	      0.09701047	      0.00000000	      0.00000000
  11081.86816406	    234.91468811	    333.44241003	      0.06155950	      0.00000000	      0.00000000
  11581.86816406	    217.23902893	    334.11177808	      0.03826862	      0.00000000	      0.00000000
  12081.86816406	    200.57055664	    334.96512747	      0.02330204	      0.00000000	      0.00000000
  12581.86816406	    184.88195801	    336.17592925	      0.01412183	      0.00000000	      0.00000000
  13081.86816406	    170.15675354	    338.03016541	      0.00877588	      0.00000000	      0.00000000
  13581.86816406	    156.38952637	    341.04093165	      0.00589188	      0.00000000	      0.00000000
  14081.86816406	    143.57997131	    345.81592718	      0.00458802	      0.00000000	      0.00000000
  14581.86816406	    131.72943115	    352.72088472	      0.00418166	      0.00000000	      0.00000000
  15081.86816406	    120.83155823	    361.36889319	      0.00422265	      0.00000000	      0.00000000
  15581.86816406	    110.84905243	    370.77372042	      0.00440552	      0.00000000	      0.00000000
  16081.86816406	    101.70553589	    380.54076148	      0.00456010	      0.00000000	      0.00000000
  16581.86718750	     93.31472015	    390.73508913	      0.00465294	      0.00000000	      0.00000000
  17081.86718750	     85.61582184	    401.25560584	      0.00464849	      0.00000000	      0.00000000
  17581.86718750	     78.56847382	    411.88651263	      0.00450870	      0.00000000	      0.00000000
  18081.86718750	     72.12795258	    423.17509899	      0.00421162	      0.00000000	      0.00000000
  18581.86718750	     66.24620819	    436.59332896	      0.00387421	      0.00000000	      0.00000000
  19081.86718750	     60.88772583	    452.54886335	      0.00347930	      0.00000000	      0.00000000
  19581.86718750	     56.01891708	    469.71747212	      0.00298456	      0.00000000	      0.00000000
  20081.86718750	     51.59358978	    486.88236632	      0.00243273	      0.00000000	      0.00000000
  20590.05468750	     47.49731445	    503.68668556	      0.00186281	      0.00000000	      0.00000000
  21149.06054688	     43.40368652	    521.62660704	      0.00129978	      0.00000000	      0.00000000
  21763.96679688	     39.34269333	    541.36008192	      0.00087268	      0.00000000	      0.00000000
  22440.36328125	     35.34726715	    563.37554494	      0.00071195	      0.00000000	      0.00000000
  23184.40039062	     31.45199394	    587.84471655	      0.00071043	      0.00000000	      0.00000000
  24002.83984375	     27.69155884	    614.97952865	      0.00071073	      0.00000000	      0.00000000
  24903.12304688	     24.09991646	    645.21809623	      0.00070793	      0.00000000	      0.00000000
  25893.43554688	     20.71033859	    679.47468369	      0.00070532	      0.00000000	      0.00000000
  26982.77929688	     17.55616570	    718.82582641	      0.00070594	      0.00000000	      0.00000000
