      z[m]      p[mb]      tp[K]    q[g/kg]     u[m/s]     v[m/s]
      0.00,         64,    1009.32
     25.00000000	   1003.11914062	    294.92848719	     15.36143244	      0.00000000	      0.00000000
     75.00000000	    997.37084961	    294.79344853	     14.77622143	      0.00000000	      0.00000000
    127.84809875	    991.31915283	    294.99813700	     14.56608648	      0.00000000	      0.00000000
    186.71687317	    984.61273193	    295.24027686	     14.40904426	      0.00000000	      0.00000000
    252.29220581	    977.18597412	    295.50598853	     14.28708329	      0.00000000	      0.00000000
    325.33816528	    968.96691895	    295.78298448	     14.16937368	      0.00000000	      0.00000000
    406.70581055	    959.87762451	    296.08297116	     14.04635661	      0.00000000	      0.00000000
    497.34317017	    949.83428955	    296.42217067	     13.89814225	      0.00000000	      0.00000000
    598.30627441	    938.74737549	    296.82023496	     13.72256768	      0.00000000	      0.00000000
    710.77154541	    926.52203369	    297.29387245	     13.50061720	      0.00000000	      0.00000000
    836.04931641	    913.05737305	    297.84305881	     13.22908048	      0.00000000	      0.00000000
    975.59924316	    898.24761963	    298.47875197	     12.89900607	      0.00000000	      0.00000000
   1131.04724121	    881.98266602	    299.20880172	     12.52295045	      0.00000000	      0.00000000
   1304.20446777	    864.15350342	    300.02436722	     12.09438590	      0.00000000	      0.00000000
   1497.08850098	    844.65155029	    300.93457402	     11.60447010	      0.00000000	      0.00000000
   1711.94665527	    823.36456299	    301.95246163	     11.05710212	      0.00000000	      0.00000000
   1951.28234863	    800.17608643	    303.06191683	     10.45091205	      0.00000000	      0.00000000
   2217.88403320	    774.97326660	    304.27439814	      9.77588858	      0.00000000	      0.00000000
   2514.85815430	    747.66156006	    305.66857894	      9.07602066	      0.00000000	      0.00000000
   2845.66479492	    718.17254639	    307.22282875	      8.33623154	      0.00000000	      0.00000000
   3214.15820312	    686.46551514	    308.93767541	      7.55099601	      0.00000000	      0.00000000
   3624.63183594	    652.52832031	    310.81883513	      6.71423597	      0.00000000	      0.00000000
   4081.86840820	    616.38336182	    312.90516889	      5.85272622	      0.00000000	      0.00000000
   4581.86816406	    578.78344727	    315.24453676	      4.96468997	      0.00000000	      0.00000000
   5081.86816406	    543.09985352	    317.56921107	      4.14236457	      0.00000000	      0.00000000
   5581.86816406	    509.22802734	    319.73728156	      3.35497924	      0.00000000	      0.00000000
   6081.86816406	    477.08932495	    321.82086067	      2.64243700	      0.00000000	      0.00000000
   6581.86816406	    446.62435913	    323.81133727	      2.00849590	      0.00000000	      0.00000000
   7081.86816406	    417.75814819	    325.64581347	      1.47633407	      0.00000000	      0.00000000
   7581.86816406	    390.39447021	    327.22197500	      1.07467926	      0.00000000	      0.00000000
   8081.86816406	    364.44564819	    328.62982888	      0.77593871	      0.00000000	      0.00000000
   8581.86816406	    339.84301758	    329.86894807	      0.54933588	      0.00000000	      0.00000000
   9081.86816406	    316.52587891	    330.93121311	      0.38118281	      0.00000000	      0.00000000
   9581.86816406	    294.43682861	    331.83001581	      0.25836705	      0.00000000	      0.00000000
  10081.86816406	    273.52209473	    332.55502725	      0.17075531	      0.00000000	      0.00000000
  10581.86816406	    253.73284912	    333.17628441	      0.10984892	      0.00000000	      0.00000000
  11081.86816406	    235.02360535	    333.74618489	      0.06852851	      0.00000000	      0.00000000
  11581.86816406	    217.35354614	    334.33970067	      0.04192388	      0.00000000	      0.00000000
  12081.86816406	    200.68696594	    335.06439407	      0.02516235	      0.00000000	      0.00000000
  12581.86816406	    184.99534607	    336.10505655	      0.01497225	      0.00000000	      0.00000000
  13081.86816406	    170.26010132	    337.74651010	      0.00909716	      0.00000000	      0.00000000
  13581.86816406	    156.47113037	    340.38008871	      0.00595364	      0.00000000	      0.00000000
  14081.86816406	    143.62707520	    344.72467733	      0.00450577	      0.00000000	      0.00000000
  14581.86816406	    131.74028015	    351.61336321	      0.00410885	      0.00000000	      0.00000000
  15081.86816406	    120.82078552	    360.85287092	      0.00426163	      0.00000000	      0.00000000
  15581.86816406	    110.83510590	    370.80406204	      0.00452226	      0.00000000	      0.00000000
  16081.86816406	    101.69594574	    380.63952993	      0.00468614	      0.00000000	      0.00000000
  16581.86718750	     93.30915070	    390.88688332	      0.00474826	      0.00000000	      0.00000000
  17081.86718750	     85.61412048	    401.51937718	      0.00470383	      0.00000000	      0.00000000
  17581.86718750	     78.57125854	    412.17543210	      0.00451193	      0.00000000	      0.00000000
  18081.86718750	     72.13449860	    423.32618429	      0.00419837	      0.00000000	      0.00000000
  18581.86718750	     66.25391388	    436.53621474	      0.00386658	      0.00000000	      0.00000000
  19081.86718750	     60.89448166	    452.41233034	      0.00347747	      0.00000000	      0.00000000
  19581.86718750	     56.02486801	    469.70015058	      0.00298744	      0.00000000	      0.00000000
  20081.86718750	     51.59920883	    486.83718850	      0.00244100	      0.00000000	      0.00000000
  20590.05468750	     47.50223541	    503.57884497	      0.00187354	      0.00000000	      0.00000000
  21149.06054688	     43.40779877	    521.52983513	      0.00130801	      0.00000000	      0.00000000
  21763.96679688	     39.34632874	    541.29845080	      0.00087617	      0.00000000	      0.00000000
  22440.36328125	     35.35063934	    563.32542941	      0.00071139	      0.00000000	      0.00000000
  23184.40039062	     31.45514488	    587.81332018	      0.00070954	      0.00000000	      0.00000000
  24002.83984375	     27.69457245	    614.98103129	      0.00070981	      0.00000000	      0.00000000
  24903.12304688	     24.10288239	    645.23926990	      0.00070685	      0.00000000	      0.00000000
  25893.43554688	     20.71324158	    679.49760908	      0.00070407	      0.00000000	      0.00000000
  26982.77929688	     17.55895996	    718.84948110	      0.00070466	      0.00000000	      0.00000000
  10000.00,         64,    1009.32
     25.00000000	   1003.11914062	    294.92848719	     15.36143244	      0.00000000	      0.00000000
     75.00000000	    997.37084961	    294.79344853	     14.77622143	      0.00000000	      0.00000000
    127.84809875	    991.31915283	    294.99813700	     14.56608648	      0.00000000	      0.00000000
    186.71687317	    984.61273193	    295.24027686	     14.40904426	      0.00000000	      0.00000000
    252.29220581	    977.18597412	    295.50598853	     14.28708329	      0.00000000	      0.00000000
    325.33816528	    968.96691895	    295.78298448	     14.16937368	      0.00000000	      0.00000000
    406.70581055	    959.87762451	    296.08297116	     14.04635661	      0.00000000	      0.00000000
    497.34317017	    949.83428955	    296.42217067	     13.89814225	      0.00000000	      0.00000000
    598.30627441	    938.74737549	    296.82023496	     13.72256768	      0.00000000	      0.00000000
    710.77154541	    926.52203369	    297.29387245	     13.50061720	      0.00000000	      0.00000000
    836.04931641	    913.05737305	    297.84305881	     13.22908048	      0.00000000	      0.00000000
    975.59924316	    898.24761963	    298.47875197	     12.89900607	      0.00000000	      0.00000000
   1131.04724121	    881.98266602	    299.20880172	     12.52295045	      0.00000000	      0.00000000
   1304.20446777	    864.15350342	    300.02436722	     12.09438590	      0.00000000	      0.00000000
   1497.08850098	    844.65155029	    300.93457402	     11.60447010	      0.00000000	      0.00000000
   1711.94665527	    823.36456299	    301.95246163	     11.05710212	      0.00000000	      0.00000000
   1951.28234863	    800.17608643	    303.06191683	     10.45091205	      0.00000000	      0.00000000
   2217.88403320	    774.97326660	    304.27439814	      9.77588858	      0.00000000	      0.00000000
   2514.85815430	    747.66156006	    305.66857894	      9.07602066	      0.00000000	      0.00000000
   2845.66479492	    718.17254639	    307.22282875	      8.33623154	      0.00000000	      0.00000000
   3214.15820312	    686.46551514	    308.93767541	      7.55099601	      0.00000000	      0.00000000
   3624.63183594	    652.52832031	    310.81883513	      6.71423597	      0.00000000	      0.00000000
   4081.86840820	    616.38336182	    312.90516889	      5.85272622	      0.00000000	      0.00000000
   4581.86816406	    578.78344727	    315.24453676	      4.96468997	      0.00000000	      0.00000000
   5081.86816406	    543.09985352	    317.56921107	      4.14236457	      0.00000000	      0.00000000
   5581.86816406	    509.22802734	    319.73728156	      3.35497924	      0.00000000	      0.00000000
   6081.86816406	    477.08932495	    321.82086067	      2.64243700	      0.00000000	      0.00000000
   6581.86816406	    446.62435913	    323.81133727	      2.00849590	      0.00000000	      0.00000000
   7081.86816406	    417.75814819	    325.64581347	      1.47633407	      0.00000000	      0.00000000
   7581.86816406	    390.39447021	    327.22197500	      1.07467926	      0.00000000	      0.00000000
   8081.86816406	    364.44564819	    328.62982888	      0.77593871	      0.00000000	      0.00000000
   8581.86816406	    339.84301758	    329.86894807	      0.54933588	      0.00000000	      0.00000000
   9081.86816406	    316.52587891	    330.93121311	      0.38118281	      0.00000000	      0.00000000
   9581.86816406	    294.43682861	    331.83001581	      0.25836705	      0.00000000	      0.00000000
  10081.86816406	    273.52209473	    332.55502725	      0.17075531	      0.00000000	      0.00000000
  10581.86816406	    253.73284912	    333.17628441	      0.10984892	      0.00000000	      0.00000000
  11081.86816406	    235.02360535	    333.74618489	      0.06852851	      0.00000000	      0.00000000
  11581.86816406	    217.35354614	    334.33970067	      0.04192388	      0.00000000	      0.00000000
  12081.86816406	    200.68696594	    335.06439407	      0.02516235	      0.00000000	      0.00000000
  12581.86816406	    184.99534607	    336.10505655	      0.01497225	      0.00000000	      0.00000000
  13081.86816406	    170.26010132	    337.74651010	      0.00909716	      0.00000000	      0.00000000
  13581.86816406	    156.47113037	    340.38008871	      0.00595364	      0.00000000	      0.00000000
  14081.86816406	    143.62707520	    344.72467733	      0.00450577	      0.00000000	      0.00000000
  14581.86816406	    131.74028015	    351.61336321	      0.00410885	      0.00000000	      0.00000000
  15081.86816406	    120.82078552	    360.85287092	      0.00426163	      0.00000000	      0.00000000
  15581.86816406	    110.83510590	    370.80406204	      0.00452226	      0.00000000	      0.00000000
  16081.86816406	    101.69594574	    380.63952993	      0.00468614	      0.00000000	      0.00000000
  16581.86718750	     93.30915070	    390.88688332	      0.00474826	      0.00000000	      0.00000000
  17081.86718750	     85.61412048	    401.51937718	      0.00470383	      0.00000000	      0.00000000
  17581.86718750	     78.57125854	    412.17543210	      0.00451193	      0.00000000	      0.00000000
  18081.86718750	     72.13449860	    423.32618429	      0.00419837	      0.00000000	      0.00000000
  18581.86718750	     66.25391388	    436.53621474	      0.00386658	      0.00000000	      0.00000000
  19081.86718750	     60.89448166	    452.41233034	      0.00347747	      0.00000000	      0.00000000
  19581.86718750	     56.02486801	    469.70015058	      0.00298744	      0.00000000	      0.00000000
  20081.86718750	     51.59920883	    486.83718850	      0.00244100	      0.00000000	      0.00000000
  20590.05468750	     47.50223541	    503.57884497	      0.00187354	      0.00000000	      0.00000000
  21149.06054688	     43.40779877	    521.52983513	      0.00130801	      0.00000000	      0.00000000
  21763.96679688	     39.34632874	    541.29845080	      0.00087617	      0.00000000	      0.00000000
  22440.36328125	     35.35063934	    563.32542941	      0.00071139	      0.00000000	      0.00000000
  23184.40039062	     31.45514488	    587.81332018	      0.00070954	      0.00000000	      0.00000000
  24002.83984375	     27.69457245	    614.98103129	      0.00070981	      0.00000000	      0.00000000
  24903.12304688	     24.10288239	    645.23926990	      0.00070685	      0.00000000	      0.00000000
  25893.43554688	     20.71324158	    679.49760908	      0.00070407	      0.00000000	      0.00000000
  26982.77929688	     17.55895996	    718.84948110	      0.00070466	      0.00000000	      0.00000000
