      z[m]      p[mb]      tp[K]    q[g/kg]     u[m/s]     v[m/s]
      0.00,         64,    1009.32
     25.00000000	   1003.10711670	    295.17372950	     15.19641196	      0.00000000	      0.00000000
     75.00000000	    997.36651611	    295.11257139	     14.56128661	      0.00000000	      0.00000000
    127.84809875	    991.32403564	    295.36010070	     14.33854602	      0.00000000	      0.00000000
    186.71687317	    984.62835693	    295.60935059	     14.18092814	      0.00000000	      0.00000000
    252.29220581	    977.21350098	    295.87494237	     14.05666627	      0.00000000	      0.00000000
    325.33816528	    969.00744629	    296.14542926	     13.92833627	      0.00000000	      0.00000000
    406.70581055	    959.93218994	    296.43642635	     13.79005548	      0.00000000	      0.00000000
    497.34317017	    949.90368652	    296.75565273	     13.62368254	      0.00000000	      0.00000000
    598.30627441	    938.83203125	    297.12359331	     13.42094333	      0.00000000	      0.00000000
    710.77154541	    926.62152100	    297.54387256	     13.17092203	      0.00000000	      0.00000000
    836.04931641	    913.17083740	    298.03481401	     12.86910622	      0.00000000	      0.00000000
    975.59924316	    898.37347412	    298.59622474	     12.50606425	      0.00000000	      0.00000000
   1131.04724121	    882.11828613	    299.23566761	     12.07881443	      0.00000000	      0.00000000
   1304.20446777	    864.29522705	    299.96385750	     11.58700211	      0.00000000	      0.00000000
   1497.08850098	    844.79589844	    300.78341572	     11.04481188	      0.00000000	      0.00000000
   1711.94665527	    823.50793457	    301.70333289	     10.46111860	      0.00000000	      0.00000000
   1951.28234863	    800.31475830	    302.72097800	      9.82696877	      0.00000000	      0.00000000
   2217.88403320	    775.10528564	    303.87459999	      9.16004161	      0.00000000	      0.00000000
   2514.85815430	    747.78564453	    305.19668325	      8.46327713	      0.00000000	      0.00000000
   2845.66479492	    718.28680420	    306.71088222	      7.72335607	      0.00000000	      0.00000000
   3214.15820312	    686.56884766	    308.40841843	      6.94420471	      0.00000000	      0.00000000
   3624.63183594	    652.62078857	    310.28326605	      6.12203942	      0.00000000	      0.00000000
   4081.86840820	    616.46356201	    312.38712288	      5.27217452	      0.00000000	      0.00000000
   4581.86816406	    578.84783936	    314.74612831	      4.41682700	      0.00000000	      0.00000000
   5081.86816406	    543.14544678	    317.08128056	      3.62067963	      0.00000000	      0.00000000
   5581.86816406	    509.25512695	    319.32493039	      2.89730560	      0.00000000	      0.00000000
   6081.86816406	    477.10174561	    321.47272949	      2.24597310	      0.00000000	      0.00000000
   6581.86816406	    446.62377930	    323.50002890	      1.68171184	      0.00000000	      0.00000000
   7081.86816406	    417.74612427	    325.37082207	      1.23295111	      0.00000000	      0.00000000
   7581.86816406	    390.37472534	    326.99090037	      0.90722370	      0.00000000	      0.00000000
   8081.86816406	    364.42019653	    328.40474348	      0.66810135	      0.00000000	      0.00000000
   8581.86816406	    339.81146240	    329.65049899	      0.48798398	      0.00000000	      0.00000000
   9081.86816406	    316.48776245	    330.72968967	      0.34674840	      0.00000000	      0.00000000
   9581.86816406	    294.39242554	    331.62970618	      0.23772933	      0.00000000	      0.00000000
  10081.86816406	    273.47274780	    332.37518383	      0.15827450	      0.00000000	      0.00000000
  10581.86816406	    253.67991638	    333.02392577	      0.10217483	      0.00000000	      0.00000000
  11081.86816406	    234.96841431	    333.62593035	      0.06454975	      0.00000000	      0.00000000
  11581.86816406	    217.29754639	    334.26419541	      0.03982681	      0.00000000	      0.00000000
  12081.86816406	    200.63246155	    335.07500470	      0.02409606	      0.00000000	      0.00000000
  12581.86816406	    184.94587708	    336.24888578	      0.01452023	      0.00000000	      0.00000000
  13081.86816406	    170.21998596	    338.01727008	      0.00895034	      0.00000000	      0.00000000
  13581.86816406	    156.44529724	    340.80350121	      0.00594213	      0.00000000	      0.00000000
  14081.86816406	    143.61782837	    345.20869403	      0.00454944	      0.00000000	      0.00000000
  14581.86816406	    131.74447632	    352.00993846	      0.00411738	      0.00000000	      0.00000000
  15081.86816406	    120.83127594	    360.97735722	      0.00422119	      0.00000000	      0.00000000
  15581.86816406	    110.84377289	    370.65833247	      0.00444472	      0.00000000	      0.00000000
  16081.86816406	    101.69887543	    380.42109748	      0.00458842	      0.00000000	      0.00000000
  16581.86718750	     93.30670929	    390.65925260	      0.00468809	      0.00000000	      0.00000000
  17081.86718750	     85.60797119	    401.31892821	      0.00467726	      0.00000000	      0.00000000
  17581.86718750	     78.56354523	    412.11778721	      0.00450256	      0.00000000	      0.00000000
  18081.86718750	     72.12714386	    423.39569209	      0.00419476	      0.00000000	      0.00000000
  18581.86718750	     66.24758148	    436.62071124	      0.00387105	      0.00000000	      0.00000000
  19081.86718750	     60.88903427	    452.47412274	      0.00347742	      0.00000000	      0.00000000
  19581.86718750	     56.01972198	    469.66790266	      0.00298565	      0.00000000	      0.00000000
  20081.86718750	     51.59403992	    486.82175535	      0.00243858	      0.00000000	      0.00000000
  20590.05468750	     47.49741364	    503.62652016	      0.00186964	      0.00000000	      0.00000000
  21149.06054688	     43.40357590	    521.58679860	      0.00130544	      0.00000000	      0.00000000
  21763.96679688	     39.34265137	    541.35324190	      0.00087543	      0.00000000	      0.00000000
  22440.36328125	     35.34746933	    563.37939351	      0.00071165	      0.00000000	      0.00000000
  23184.40039062	     31.45245361	    587.85874613	      0.00070998	      0.00000000	      0.00000000
  24002.83984375	     27.69230270	    615.01777564	      0.00071026	      0.00000000	      0.00000000
  24903.12304688	     24.10096931	    645.26762609	      0.00070729	      0.00000000	      0.00000000
  25893.43554688	     20.71165085	    679.52976717	      0.00070458	      0.00000000	      0.00000000
  26982.77929688	     17.55765915	    718.88040356	      0.00070525	      0.00000000	      0.00000000
  10000.00,         64,    1009.32
     25.00000000	   1003.10711670	    295.17372950	     15.19641196	      0.00000000	      0.00000000
     75.00000000	    997.36651611	    295.11257139	     14.56128661	      0.00000000	      0.00000000
    127.84809875	    991.32403564	    295.36010070	     14.33854602	      0.00000000	      0.00000000
    186.71687317	    984.62835693	    295.60935059	     14.18092814	      0.00000000	      0.00000000
    252.29220581	    977.21350098	    295.87494237	     14.05666627	      0.00000000	      0.00000000
    325.33816528	    969.00744629	    296.14542926	     13.92833627	      0.00000000	      0.00000000
    406.70581055	    959.93218994	    296.43642635	     13.79005548	      0.00000000	      0.00000000
    497.34317017	    949.90368652	    296.75565273	     13.62368254	      0.00000000	      0.00000000
    598.30627441	    938.83203125	    297.12359331	     13.42094333	      0.00000000	      0.00000000
    710.77154541	    926.62152100	    297.54387256	     13.17092203	      0.00000000	      0.00000000
    836.04931641	    913.17083740	    298.03481401	     12.86910622	      0.00000000	      0.00000000
    975.59924316	    898.37347412	    298.59622474	     12.50606425	      0.00000000	      0.00000000
   1131.04724121	    882.11828613	    299.23566761	     12.07881443	      0.00000000	      0.00000000
   1304.20446777	    864.29522705	    299.96385750	     11.58700211	      0.00000000	      0.00000000
   1497.08850098	    844.79589844	    300.78341572	     11.04481188	      0.00000000	      0.00000000
   1711.94665527	    823.50793457	    301.70333289	     10.46111860	      0.00000000	      0.00000000
   1951.28234863	    800.31475830	    302.72097800	      9.82696877	      0.00000000	      0.00000000
   2217.88403320	    775.10528564	    303.87459999	      9.16004161	      0.00000000	      0.00000000
   2514.85815430	    747.78564453	    305.19668325	      8.46327713	      0.00000000	      0.00000000
   2845.66479492	    718.28680420	    306.71088222	      7.72335607	      0.00000000	      0.00000000
   3214.15820312	    686.56884766	    308.40841843	      6.94420471	      0.00000000	      0.00000000
   3624.63183594	    652.62078857	    310.28326605	      6.12203942	      0.00000000	      0.00000000
   4081.86840820	    616.46356201	    312.38712288	      5.27217452	      0.00000000	      0.00000000
   4581.86816406	    578.84783936	    314.74612831	      4.41682700	      0.00000000	      0.00000000
   5081.86816406	    543.14544678	    317.08128056	      3.62067963	      0.00000000	      0.00000000
   5581.86816406	    509.25512695	    319.32493039	      2.89730560	      0.00000000	      0.00000000
   6081.86816406	    477.10174561	    321.47272949	      2.24597310	      0.00000000	      0.00000000
   6581.86816406	    446.62377930	    323.50002890	      1.68171184	      0.00000000	      0.00000000
   7081.86816406	    417.74612427	    325.37082207	      1.23295111	      0.00000000	      0.00000000
   7581.86816406	    390.37472534	    326.99090037	      0.90722370	      0.00000000	      0.00000000
   8081.86816406	    364.42019653	    328.40474348	      0.66810135	      0.00000000	      0.00000000
   8581.86816406	    339.81146240	    329.65049899	      0.48798398	      0.00000000	      0.00000000
   9081.86816406	    316.48776245	    330.72968967	      0.34674840	      0.00000000	      0.00000000
   9581.86816406	    294.39242554	    331.62970618	      0.23772933	      0.00000000	      0.00000000
  10081.86816406	    273.47274780	    332.37518383	      0.15827450	      0.00000000	      0.00000000
  10581.86816406	    253.67991638	    333.02392577	      0.10217483	      0.00000000	      0.00000000
  11081.86816406	    234.96841431	    333.62593035	      0.06454975	      0.00000000	      0.00000000
  11581.86816406	    217.29754639	    334.26419541	      0.03982681	      0.00000000	      0.00000000
  12081.86816406	    200.63246155	    335.07500470	      0.02409606	      0.00000000	      0.00000000
  12581.86816406	    184.94587708	    336.24888578	      0.01452023	      0.00000000	      0.00000000
  13081.86816406	    170.21998596	    338.01727008	      0.00895034	      0.00000000	      0.00000000
  13581.86816406	    156.44529724	    340.80350121	      0.00594213	      0.00000000	      0.00000000
  14081.86816406	    143.61782837	    345.20869403	      0.00454944	      0.00000000	      0.00000000
  14581.86816406	    131.74447632	    352.00993846	      0.00411738	      0.00000000	      0.00000000
  15081.86816406	    120.83127594	    360.97735722	      0.00422119	      0.00000000	      0.00000000
  15581.86816406	    110.84377289	    370.65833247	      0.00444472	      0.00000000	      0.00000000
  16081.86816406	    101.69887543	    380.42109748	      0.00458842	      0.00000000	      0.00000000
  16581.86718750	     93.30670929	    390.65925260	      0.00468809	      0.00000000	      0.00000000
  17081.86718750	     85.60797119	    401.31892821	      0.00467726	      0.00000000	      0.00000000
  17581.86718750	     78.56354523	    412.11778721	      0.00450256	      0.00000000	      0.00000000
  18081.86718750	     72.12714386	    423.39569209	      0.00419476	      0.00000000	      0.00000000
  18581.86718750	     66.24758148	    436.62071124	      0.00387105	      0.00000000	      0.00000000
  19081.86718750	     60.88903427	    452.47412274	      0.00347742	      0.00000000	      0.00000000
  19581.86718750	     56.01972198	    469.66790266	      0.00298565	      0.00000000	      0.00000000
  20081.86718750	     51.59403992	    486.82175535	      0.00243858	      0.00000000	      0.00000000
  20590.05468750	     47.49741364	    503.62652016	      0.00186964	      0.00000000	      0.00000000
  21149.06054688	     43.40357590	    521.58679860	      0.00130544	      0.00000000	      0.00000000
  21763.96679688	     39.34265137	    541.35324190	      0.00087543	      0.00000000	      0.00000000
  22440.36328125	     35.34746933	    563.37939351	      0.00071165	      0.00000000	      0.00000000
  23184.40039062	     31.45245361	    587.85874613	      0.00070998	      0.00000000	      0.00000000
  24002.83984375	     27.69230270	    615.01777564	      0.00071026	      0.00000000	      0.00000000
  24903.12304688	     24.10096931	    645.26762609	      0.00070729	      0.00000000	      0.00000000
  25893.43554688	     20.71165085	    679.52976717	      0.00070458	      0.00000000	      0.00000000
  26982.77929688	     17.55765915	    718.88040356	      0.00070525	      0.00000000	      0.00000000
