      z[m]      p[mb]      tp[K]    q[g/kg]     u[m/s]     v[m/s]
      0.00,         64,    1009.32
     25.00000000	   1006.46717322	    298.40093902	     16.18167544	      0.00000000	      0.00000000
     75.00000000	   1000.78009674	    298.36740692	     15.82341998	      0.00000000	      0.00000000
    127.84809875	    994.79324609	    298.40915370	     15.76604879	      0.00000000	      0.00000000
    186.71687317	    988.15511096	    298.45235166	     15.70490588	      0.00000000	      0.00000000
    252.29220581	    980.79882196	    298.49851406	     15.63990105	      0.00000000	      0.00000000
    325.33816528	    972.65148657	    298.55015743	     15.54289611	      0.00000000	      0.00000000
    406.70581055	    963.63408069	    298.61722830	     15.40141358	      0.00000000	      0.00000000
    497.34317017	    953.66145599	    298.71842048	     15.17524524	      0.00000000	      0.00000000
    598.30627441	    942.64267188	    298.88992137	     14.80757949	      0.00000000	      0.00000000
    710.77154541	    930.48186713	    299.18421124	     14.24254837	      0.00000000	      0.00000000
    836.04931641	    917.07896851	    299.61462513	     13.54985561	      0.00000000	      0.00000000
    975.59924316	    902.32945386	    300.15030897	     12.86011555	      0.00000000	      0.00000000
   1131.04724121	    886.12412482	    300.76622678	     12.22014013	      0.00000000	      0.00000000
   1304.20446777	    868.34994922	    301.45928285	     11.60637110	      0.00000000	      0.00000000
   1497.08850098	    848.89183075	    302.23891260	     10.98143325	      0.00000000	      0.00000000
   1711.94665527	    827.63484113	    303.11260182	     10.32531986	      0.00000000	      0.00000000
   1951.28234863	    804.46672125	    304.08354302	      9.63707693	      0.00000000	      0.00000000
   2217.88403320	    779.28133484	    305.16078649	      8.92177541	      0.00000000	      0.00000000
   2514.85815430	    751.98367023	    306.36992152	      8.17922566	      0.00000000	      0.00000000
   2845.66479492	    722.49615417	    307.74463061	      7.40296367	      0.00000000	      0.00000000
   3214.15820313	    690.76484735	    309.30643194	      6.58974922	      0.00000000	      0.00000000
   3624.63183594	    656.76597668	    311.07157754	      5.74257589	      0.00000000	      0.00000000
   4081.86840820	    620.51602234	    313.06724783	      4.86695293	      0.00000000	      0.00000000
   4581.86816406	    582.77251868	    315.27125801	      3.99612502	      0.00000000	      0.00000000
   5081.86816406	    546.92980115	    317.42301754	      3.24248719	      0.00000000	      0.00000000
   5581.86816406	    512.89623602	    319.46908078	      2.61163945	      0.00000000	      0.00000000
   6081.86816406	    480.58990714	    321.43138342	      2.07166415	      0.00000000	      0.00000000
   6581.86816406	    449.93488672	    323.33566493	      1.59565581	      0.00000000	      0.00000000
   7081.86816406	    420.85825934	    325.14645843	      1.18943767	      0.00000000	      0.00000000
   7581.86816406	    393.28618137	    326.78747690	      0.86805720	      0.00000000	      0.00000000
   8081.86816406	    367.14498358	    328.22755685	      0.62551781	      0.00000000	      0.00000000
   8581.86816406	    342.36501373	    329.47970915	      0.44387364	      0.00000000	      0.00000000
   9081.86816406	    318.88207578	    330.56164008	      0.30761745	      0.00000000	      0.00000000
   9581.86816406	    296.63666119	    331.48029412	      0.20804566	      0.00000000	      0.00000000
  10081.86816406	    275.57349411	    332.25306850	      0.13827063	      0.00000000	      0.00000000
  10581.86816406	    255.64192616	    332.91617582	      0.09118379	      0.00000000	      0.00000000
  11081.86816406	    236.79641180	    333.52800202	      0.05999318	      0.00000000	      0.00000000
  11581.86816406	    218.99703271	    334.17935820	      0.03915014	      0.00000000	      0.00000000
  12081.86816406	    202.21045189	    335.01665449	      0.02512631	      0.00000000	      0.00000000
  12581.86816406	    186.41125114	    336.26458588	      0.01597213	      0.00000000	      0.00000000
  13081.86816406	    171.58274899	    338.22771813	      0.01039836	      0.00000000	      0.00000000
  13581.86816406	    157.71700526	    341.30917181	      0.00727285	      0.00000000	      0.00000000
  14081.86816406	    144.81220663	    345.92344293	      0.00571928	      0.00000000	      0.00000000
  14581.86816406	    132.86445105	    352.28352076	      0.00518270	      0.00000000	      0.00000000
  15081.86816406	    121.85692018	    360.28217019	      0.00522901	      0.00000000	      0.00000000
  15581.86816406	    111.75396472	    369.58141273	      0.00566116	      0.00000000	      0.00000000
  16081.86816406	    102.50297942	    379.77040813	      0.00634036	      0.00000000	      0.00000000
  16581.86718750	     94.04102319	    390.49863567	      0.00712072	      0.00000000	      0.00000000
  17081.86718750	     86.30245823	    401.59246904	      0.00786947	      0.00000000	      0.00000000
  17581.86718750	     79.22519808	    413.08303905	      0.00845410	      0.00000000	      0.00000000
  18081.86718750	     72.75500621	    425.32335336	      0.00875514	      0.00000000	      0.00000000
  18581.86718750	     66.84736226	    438.88860352	      0.00878921	      0.00000000	      0.00000000
  19081.86718750	     61.46174042	    453.68977234	      0.00878121	      0.00000000	      0.00000000
  19581.86718750	     56.55348683	    468.92489088	      0.00877419	      0.00000000	      0.00000000
  20081.86718750	     52.07400848	    483.93426369	      0.00877409	      0.00000000	      0.00000000
  20590.05468750	     47.91212327	    498.78812267	      0.00877909	      0.00000000	      0.00000000
  21149.06054688	     43.74049933	    514.91971083	      0.00878904	      0.00000000	      0.00000000
  21763.96679688	     39.59310626	    532.98662151	      0.00880278	      0.00000000	      0.00000000
  22440.36328125	     35.50842750	    553.62001172	      0.00881570	      0.00000000	      0.00000000
  23184.40039063	     31.52769495	    577.27262562	      0.00882232	      0.00000000	      0.00000000
  24002.83984375	     27.69148733	    604.16464173	      0.00882314	      0.00000000	      0.00000000
  24903.12304688	     24.03757058	    634.60274238	      0.00882322	      0.00000000	      0.00000000
  25893.43554688	     20.60062698	    669.22621236	      0.00882326	      0.00000000	      0.00000000
  26982.77929688	     17.41396126	    709.09177079	      0.00882301	      0.00000000	      0.00000000
  10000.00,         64,    1009.32
     25.00000000	   1006.46717322	    298.40093902	     16.18167544	      0.00000000	      0.00000000
     75.00000000	   1000.78009674	    298.36740692	     15.82341998	      0.00000000	      0.00000000
    127.84809875	    994.79324609	    298.40915370	     15.76604879	      0.00000000	      0.00000000
    186.71687317	    988.15511096	    298.45235166	     15.70490588	      0.00000000	      0.00000000
    252.29220581	    980.79882196	    298.49851406	     15.63990105	      0.00000000	      0.00000000
    325.33816528	    972.65148657	    298.55015743	     15.54289611	      0.00000000	      0.00000000
    406.70581055	    963.63408069	    298.61722830	     15.40141358	      0.00000000	      0.00000000
    497.34317017	    953.66145599	    298.71842048	     15.17524524	      0.00000000	      0.00000000
    598.30627441	    942.64267188	    298.88992137	     14.80757949	      0.00000000	      0.00000000
    710.77154541	    930.48186713	    299.18421124	     14.24254837	      0.00000000	      0.00000000
    836.04931641	    917.07896851	    299.61462513	     13.54985561	      0.00000000	      0.00000000
    975.59924316	    902.32945386	    300.15030897	     12.86011555	      0.00000000	      0.00000000
   1131.04724121	    886.12412482	    300.76622678	     12.22014013	      0.00000000	      0.00000000
   1304.20446777	    868.34994922	    301.45928285	     11.60637110	      0.00000000	      0.00000000
   1497.08850098	    848.89183075	    302.23891260	     10.98143325	      0.00000000	      0.00000000
   1711.94665527	    827.63484113	    303.11260182	     10.32531986	      0.00000000	      0.00000000
   1951.28234863	    804.46672125	    304.08354302	      9.63707693	      0.00000000	      0.00000000
   2217.88403320	    779.28133484	    305.16078649	      8.92177541	      0.00000000	      0.00000000
   2514.85815430	    751.98367023	    306.36992152	      8.17922566	      0.00000000	      0.00000000
   2845.66479492	    722.49615417	    307.74463061	      7.40296367	      0.00000000	      0.00000000
   3214.15820313	    690.76484735	    309.30643194	      6.58974922	      0.00000000	      0.00000000
   3624.63183594	    656.76597668	    311.07157754	      5.74257589	      0.00000000	      0.00000000
   4081.86840820	    620.51602234	    313.06724783	      4.86695293	      0.00000000	      0.00000000
   4581.86816406	    582.77251868	    315.27125801	      3.99612502	      0.00000000	      0.00000000
   5081.86816406	    546.92980115	    317.42301754	      3.24248719	      0.00000000	      0.00000000
   5581.86816406	    512.89623602	    319.46908078	      2.61163945	      0.00000000	      0.00000000
   6081.86816406	    480.58990714	    321.43138342	      2.07166415	      0.00000000	      0.00000000
   6581.86816406	    449.93488672	    323.33566493	      1.59565581	      0.00000000	      0.00000000
   7081.86816406	    420.85825934	    325.14645843	      1.18943767	      0.00000000	      0.00000000
   7581.86816406	    393.28618137	    326.78747690	      0.86805720	      0.00000000	      0.00000000
   8081.86816406	    367.14498358	    328.22755685	      0.62551781	      0.00000000	      0.00000000
   8581.86816406	    342.36501373	    329.47970915	      0.44387364	      0.00000000	      0.00000000
   9081.86816406	    318.88207578	    330.56164008	      0.30761745	      0.00000000	      0.00000000
   9581.86816406	    296.63666119	    331.48029412	      0.20804566	      0.00000000	      0.00000000
  10081.86816406	    275.57349411	    332.25306850	      0.13827063	      0.00000000	      0.00000000
  10581.86816406	    255.64192616	    332.91617582	      0.09118379	      0.00000000	      0.00000000
  11081.86816406	    236.79641180	    333.52800202	      0.05999318	      0.00000000	      0.00000000
  11581.86816406	    218.99703271	    334.17935820	      0.03915014	      0.00000000	      0.00000000
  12081.86816406	    202.21045189	    335.01665449	      0.02512631	      0.00000000	      0.00000000
  12581.86816406	    186.41125114	    336.26458588	      0.01597213	      0.00000000	      0.00000000
  13081.86816406	    171.58274899	    338.22771813	      0.01039836	      0.00000000	      0.00000000
  13581.86816406	    157.71700526	    341.30917181	      0.00727285	      0.00000000	      0.00000000
  14081.86816406	    144.81220663	    345.92344293	      0.00571928	      0.00000000	      0.00000000
  14581.86816406	    132.86445105	    352.28352076	      0.00518270	      0.00000000	      0.00000000
  15081.86816406	    121.85692018	    360.28217019	      0.00522901	      0.00000000	      0.00000000
  15581.86816406	    111.75396472	    369.58141273	      0.00566116	      0.00000000	      0.00000000
  16081.86816406	    102.50297942	    379.77040813	      0.00634036	      0.00000000	      0.00000000
  16581.86718750	     94.04102319	    390.49863567	      0.00712072	      0.00000000	      0.00000000
  17081.86718750	     86.30245823	    401.59246904	      0.00786947	      0.00000000	      0.00000000
  17581.86718750	     79.22519808	    413.08303905	      0.00845410	      0.00000000	      0.00000000
  18081.86718750	     72.75500621	    425.32335336	      0.00875514	      0.00000000	      0.00000000
  18581.86718750	     66.84736226	    438.88860352	      0.00878921	      0.00000000	      0.00000000
  19081.86718750	     61.46174042	    453.68977234	      0.00878121	      0.00000000	      0.00000000
  19581.86718750	     56.55348683	    468.92489088	      0.00877419	      0.00000000	      0.00000000
  20081.86718750	     52.07400848	    483.93426369	      0.00877409	      0.00000000	      0.00000000
  20590.05468750	     47.91212327	    498.78812267	      0.00877909	      0.00000000	      0.00000000
  21149.06054688	     43.74049933	    514.91971083	      0.00878904	      0.00000000	      0.00000000
  21763.96679688	     39.59310626	    532.98662151	      0.00880278	      0.00000000	      0.00000000
  22440.36328125	     35.50842750	    553.62001172	      0.00881570	      0.00000000	      0.00000000
  23184.40039063	     31.52769495	    577.27262562	      0.00882232	      0.00000000	      0.00000000
  24002.83984375	     27.69148733	    604.16464173	      0.00882314	      0.00000000	      0.00000000
  24903.12304688	     24.03757058	    634.60274238	      0.00882322	      0.00000000	      0.00000000
  25893.43554688	     20.60062698	    669.22621236	      0.00882326	      0.00000000	      0.00000000
  26982.77929688	     17.41396126	    709.09177079	      0.00882301	      0.00000000	      0.00000000
