      z[m]      p[mb]      tp[K]    q[g/kg]     u[m/s]     v[m/s]
      0.00,         64,    1009.32
     25.00000000	   1006.46757190	    298.46810504	     16.04072296	      0.00000000	      0.00000000
     75.00000000	   1000.78074878	    298.40131841	     15.55264918	      0.00000000	      0.00000000
    127.84809875	    994.79345978	    298.43980730	     15.43701803	      0.00000000	      0.00000000
    186.71687317	    988.15473535	    298.48985765	     15.36172813	      0.00000000	      0.00000000
    252.29220581	    980.79793427	    298.54486913	     15.28689739	      0.00000000	      0.00000000
    325.33816528	    972.65025677	    298.60623598	     15.18623125	      0.00000000	      0.00000000
    406.70581055	    963.63274133	    298.68183789	     15.04555003	      0.00000000	      0.00000000
    497.34317017	    953.66024750	    298.78739215	     14.83141080	      0.00000000	      0.00000000
    598.30627441	    942.64172076	    298.95270965	     14.49667873	      0.00000000	      0.00000000
    710.77154541	    930.48095801	    299.22733645	     13.97743003	      0.00000000	      0.00000000
    836.04931641	    917.07757281	    299.64355645	     13.29336159	      0.00000000	      0.00000000
    975.59924316	    902.32711102	    300.18094663	     12.56832855	      0.00000000	      0.00000000
   1131.04724121	    886.12084436	    300.81524320	     11.87132070	      0.00000000	      0.00000000
   1304.20446777	    868.34634186	    301.53302340	     11.20816636	      0.00000000	      0.00000000
   1497.08850098	    848.88877502	    302.32961397	     10.56125062	      0.00000000	      0.00000000
   1711.94665527	    827.63296808	    303.20688165	      9.91114522	      0.00000000	      0.00000000
   1951.28234863	    804.46625024	    304.17352622	      9.24471497	      0.00000000	      0.00000000
   2217.88403320	    779.28227924	    305.24512579	      8.55509746	      0.00000000	      0.00000000
   2514.85815430	    751.98587805	    306.44601832	      7.83770195	      0.00000000	      0.00000000
   2845.66479492	    722.49904181	    307.80688317	      7.08569448	      0.00000000	      0.00000000
   3214.15820313	    690.76750067	    309.35662272	      6.29116923	      0.00000000	      0.00000000
   3624.63183594	    656.76792511	    311.12085828	      5.45277643	      0.00000000	      0.00000000
   4081.86840820	    620.51781201	    313.12609844	      4.57875761	      0.00000000	      0.00000000
   4581.86816406	    582.77561768	    315.34525549	      3.71211513	      0.00000000	      0.00000000
   5081.86816406	    546.93592194	    317.51295117	      2.97095511	      0.00000000	      0.00000000
   5581.86816406	    512.90732520	    319.58183580	      2.35525329	      0.00000000	      0.00000000
   6081.86816406	    480.60829437	    321.57425898	      1.82967164	      0.00000000	      0.00000000
   6581.86816406	    449.96247873	    323.49960048	      1.37755842	      0.00000000	      0.00000000
   7081.86816406	    420.89568512	    325.31550307	      1.00878213	      0.00000000	      0.00000000
   7581.86816406	    393.33332706	    326.96035604	      0.73022164	      0.00000000	      0.00000000
   8081.86816406	    367.20183890	    328.40984828	      0.52680640	      0.00000000	      0.00000000
   8581.86816406	    342.43171307	    329.67475473	      0.37607133	      0.00000000	      0.00000000
   9081.86816406	    318.95863434	    330.76962852	      0.26277703	      0.00000000	      0.00000000
   9581.86816406	    296.72295676	    331.70308308	      0.18009119	      0.00000000	      0.00000000
  10081.86816406	    275.66942929	    332.49513779	      0.12263587	      0.00000000	      0.00000000
  10581.86816406	    255.74766338	    333.18749322	      0.08391049	      0.00000000	      0.00000000
  11081.86816406	    236.91279767	    333.85106707	      0.05754507	      0.00000000	      0.00000000
  11581.86816406	    219.12618990	    334.59376659	      0.03898697	      0.00000000	      0.00000000
  12081.86816406	    202.35623055	    335.57766481	      0.02587560	      0.00000000	      0.00000000
  12581.86816406	    186.57916856	    337.03245060	      0.01693614	      0.00000000	      0.00000000
  13081.86816406	    171.77888509	    339.23634392	      0.01126443	      0.00000000	      0.00000000
  13581.86816406	    157.94535271	    342.51062903	      0.00798142	      0.00000000	      0.00000000
  14081.86816406	    145.07180432	    347.18521940	      0.00630217	      0.00000000	      0.00000000
  14581.86816406	    133.14915971	    353.47260259	      0.00567685	      0.00000000	      0.00000000
  15081.86816406	    122.15819518	    361.33929746	      0.00566158	      0.00000000	      0.00000000
  15581.86816406	    112.06374828	    370.50310482	      0.00602582	      0.00000000	      0.00000000
  16081.86816406	    102.81439229	    380.53086149	      0.00663479	      0.00000000	      0.00000000
  16581.86718750	     94.34735555	    391.00033137	      0.00733798	      0.00000000	      0.00000000
  17081.86718750	     86.59644287	    401.70285218	      0.00801757	      0.00000000	      0.00000000
  17581.86718750	     79.49986556	    412.74071757	      0.00858381	      0.00000000	      0.00000000
  18081.86718750	     73.00616660	    424.68875381	      0.00894738	      0.00000000	      0.00000000
  18581.86718750	     67.07641032	    438.41764368	      0.00904361	      0.00000000	      0.00000000
  19081.86718750	     61.67470205	    453.70159915	      0.00904235	      0.00000000	      0.00000000
  19581.86718750	     56.75642614	    469.35884752	      0.00903420	      0.00000000	      0.00000000
  20081.86718750	     52.27037215	    484.60555709	      0.00903277	      0.00000000	      0.00000000
  20590.05468750	     48.10315045	    499.57490212	      0.00903400	      0.00000000	      0.00000000
  21149.06054688	     43.92581963	    515.71507069	      0.00903650	      0.00000000	      0.00000000
  21763.96679688	     39.77131252	    533.65146002	      0.00903990	      0.00000000	      0.00000000
  22440.36328125	     35.67750149	    554.10585306	      0.00904324	      0.00000000	      0.00000000
  23184.40039063	     31.68584870	    577.61932231	      0.00904536	      0.00000000	      0.00000000
  24002.83984375	     27.83749248	    604.40363458	      0.00904601	      0.00000000	      0.00000000
  24903.12304688	     24.17081193	    634.80814002	      0.00904608	      0.00000000	      0.00000000
  25893.43554688	     20.72114251	    669.48524254	      0.00904608	      0.00000000	      0.00000000
  26982.77929688	     17.52211680	    709.40885172	      0.00904589	      0.00000000	      0.00000000
  10000.00,         64,    1009.32
     25.00000000	   1006.46757190	    298.46810504	     16.04072296	      0.00000000	      0.00000000
     75.00000000	   1000.78074878	    298.40131841	     15.55264918	      0.00000000	      0.00000000
    127.84809875	    994.79345978	    298.43980730	     15.43701803	      0.00000000	      0.00000000
    186.71687317	    988.15473535	    298.48985765	     15.36172813	      0.00000000	      0.00000000
    252.29220581	    980.79793427	    298.54486913	     15.28689739	      0.00000000	      0.00000000
    325.33816528	    972.65025677	    298.60623598	     15.18623125	      0.00000000	      0.00000000
    406.70581055	    963.63274133	    298.68183789	     15.04555003	      0.00000000	      0.00000000
    497.34317017	    953.66024750	    298.78739215	     14.83141080	      0.00000000	      0.00000000
    598.30627441	    942.64172076	    298.95270965	     14.49667873	      0.00000000	      0.00000000
    710.77154541	    930.48095801	    299.22733645	     13.97743003	      0.00000000	      0.00000000
    836.04931641	    917.07757281	    299.64355645	     13.29336159	      0.00000000	      0.00000000
    975.59924316	    902.32711102	    300.18094663	     12.56832855	      0.00000000	      0.00000000
   1131.04724121	    886.12084436	    300.81524320	     11.87132070	      0.00000000	      0.00000000
   1304.20446777	    868.34634186	    301.53302340	     11.20816636	      0.00000000	      0.00000000
   1497.08850098	    848.88877502	    302.32961397	     10.56125062	      0.00000000	      0.00000000
   1711.94665527	    827.63296808	    303.20688165	      9.91114522	      0.00000000	      0.00000000
   1951.28234863	    804.46625024	    304.17352622	      9.24471497	      0.00000000	      0.00000000
   2217.88403320	    779.28227924	    305.24512579	      8.55509746	      0.00000000	      0.00000000
   2514.85815430	    751.98587805	    306.44601832	      7.83770195	      0.00000000	      0.00000000
   2845.66479492	    722.49904181	    307.80688317	      7.08569448	      0.00000000	      0.00000000
   3214.15820313	    690.76750067	    309.35662272	      6.29116923	      0.00000000	      0.00000000
   3624.63183594	    656.76792511	    311.12085828	      5.45277643	      0.00000000	      0.00000000
   4081.86840820	    620.51781201	    313.12609844	      4.57875761	      0.00000000	      0.00000000
   4581.86816406	    582.77561768	    315.34525549	      3.71211513	      0.00000000	      0.00000000
   5081.86816406	    546.93592194	    317.51295117	      2.97095511	      0.00000000	      0.00000000
   5581.86816406	    512.90732520	    319.58183580	      2.35525329	      0.00000000	      0.00000000
   6081.86816406	    480.60829437	    321.57425898	      1.82967164	      0.00000000	      0.00000000
   6581.86816406	    449.96247873	    323.49960048	      1.37755842	      0.00000000	      0.00000000
   7081.86816406	    420.89568512	    325.31550307	      1.00878213	      0.00000000	      0.00000000
   7581.86816406	    393.33332706	    326.96035604	      0.73022164	      0.00000000	      0.00000000
   8081.86816406	    367.20183890	    328.40984828	      0.52680640	      0.00000000	      0.00000000
   8581.86816406	    342.43171307	    329.67475473	      0.37607133	      0.00000000	      0.00000000
   9081.86816406	    318.95863434	    330.76962852	      0.26277703	      0.00000000	      0.00000000
   9581.86816406	    296.72295676	    331.70308308	      0.18009119	      0.00000000	      0.00000000
  10081.86816406	    275.66942929	    332.49513779	      0.12263587	      0.00000000	      0.00000000
  10581.86816406	    255.74766338	    333.18749322	      0.08391049	      0.00000000	      0.00000000
  11081.86816406	    236.91279767	    333.85106707	      0.05754507	      0.00000000	      0.00000000
  11581.86816406	    219.12618990	    334.59376659	      0.03898697	      0.00000000	      0.00000000
  12081.86816406	    202.35623055	    335.57766481	      0.02587560	      0.00000000	      0.00000000
  12581.86816406	    186.57916856	    337.03245060	      0.01693614	      0.00000000	      0.00000000
  13081.86816406	    171.77888509	    339.23634392	      0.01126443	      0.00000000	      0.00000000
  13581.86816406	    157.94535271	    342.51062903	      0.00798142	      0.00000000	      0.00000000
  14081.86816406	    145.07180432	    347.18521940	      0.00630217	      0.00000000	      0.00000000
  14581.86816406	    133.14915971	    353.47260259	      0.00567685	      0.00000000	      0.00000000
  15081.86816406	    122.15819518	    361.33929746	      0.00566158	      0.00000000	      0.00000000
  15581.86816406	    112.06374828	    370.50310482	      0.00602582	      0.00000000	      0.00000000
  16081.86816406	    102.81439229	    380.53086149	      0.00663479	      0.00000000	      0.00000000
  16581.86718750	     94.34735555	    391.00033137	      0.00733798	      0.00000000	      0.00000000
  17081.86718750	     86.59644287	    401.70285218	      0.00801757	      0.00000000	      0.00000000
  17581.86718750	     79.49986556	    412.74071757	      0.00858381	      0.00000000	      0.00000000
  18081.86718750	     73.00616660	    424.68875381	      0.00894738	      0.00000000	      0.00000000
  18581.86718750	     67.07641032	    438.41764368	      0.00904361	      0.00000000	      0.00000000
  19081.86718750	     61.67470205	    453.70159915	      0.00904235	      0.00000000	      0.00000000
  19581.86718750	     56.75642614	    469.35884752	      0.00903420	      0.00000000	      0.00000000
  20081.86718750	     52.27037215	    484.60555709	      0.00903277	      0.00000000	      0.00000000
  20590.05468750	     48.10315045	    499.57490212	      0.00903400	      0.00000000	      0.00000000
  21149.06054688	     43.92581963	    515.71507069	      0.00903650	      0.00000000	      0.00000000
  21763.96679688	     39.77131252	    533.65146002	      0.00903990	      0.00000000	      0.00000000
  22440.36328125	     35.67750149	    554.10585306	      0.00904324	      0.00000000	      0.00000000
  23184.40039063	     31.68584870	    577.61932231	      0.00904536	      0.00000000	      0.00000000
  24002.83984375	     27.83749248	    604.40363458	      0.00904601	      0.00000000	      0.00000000
  24903.12304688	     24.17081193	    634.80814002	      0.00904608	      0.00000000	      0.00000000
  25893.43554688	     20.72114251	    669.48524254	      0.00904608	      0.00000000	      0.00000000
  26982.77929688	     17.52211680	    709.40885172	      0.00904589	      0.00000000	      0.00000000
