      z[m]      p[mb]      tp[K]    q[g/kg]     u[m/s]     v[m/s]
      0.00,         64,    1009.32
   -999.00000000	   1006.47259521	    298.79452515	     17.45695877	      0.00000000	      0.00000000
   -999.00000000	   1000.79559326	    298.70309448	     17.03844452	      0.00000000	      0.00000000
   -999.00000000	    994.81799316	    298.71807861	     16.86437225	      0.00000000	      0.00000000
   -999.00000000	    988.18902588	    298.76251221	     16.63473892	      0.00000000	      0.00000000
   -999.00000000	    980.84204102	    298.83175659	     16.35037422	      0.00000000	      0.00000000
   -999.00000000	    972.70446777	    298.92669678	     16.00048256	      0.00000000	      0.00000000
   -999.00000000	    963.69812012	    299.05780029	     15.59199429	      0.00000000	      0.00000000
   -999.00000000	    953.73974609	    299.24279785	     15.12023067	      0.00000000	      0.00000000
   -999.00000000	    942.74066162	    299.50885010	     14.57631683	      0.00000000	      0.00000000
   -999.00000000	    930.60626221	    299.87799072	     13.96437454	      0.00000000	      0.00000000
   -999.00000000	    917.23614502	    300.35299683	     13.33845901	      0.00000000	      0.00000000
   -999.00000000	    902.52508545	    300.90536499	     12.76623821	      0.00000000	      0.00000000
   -999.00000000	    886.36285400	    301.52157593	     12.24725628	      0.00000000	      0.00000000
   -999.00000000	    868.63604736	    302.21295166	     11.73002148	      0.00000000	      0.00000000
   -999.00000000	    849.23004150	    303.00265503	     11.16883087	      0.00000000	      0.00000000
   -999.00000000	    828.03057861	    303.90121460	     10.55072689	      0.00000000	      0.00000000
   -999.00000000	    804.92651367	    304.91085815	      9.88637733	      0.00000000	      0.00000000
   -999.00000000	    779.81134033	    306.03305054	      9.19135094	      0.00000000	      0.00000000
   -999.00000000	    752.58953857	    307.28259277	      8.46709347	      0.00000000	      0.00000000
   -999.00000000	    723.18359375	    308.68627930	      7.70416117	      0.00000000	      0.00000000
   -999.00000000	    691.53875732	    310.25787354	      6.89880037	      0.00000000	      0.00000000
   -999.00000000	    657.62860107	    312.00442505	      6.05972862	      0.00000000	      0.00000000
   -999.00000000	    621.46063232	    313.95379639	      5.18902731	      0.00000000	      0.00000000
   -999.00000000	    583.78582764	    316.11917114	      4.29600430	      0.00000000	      0.00000000
   -999.00000000	    547.99493408	    318.28399658	      3.47665071	      0.00000000	      0.00000000
   -999.00000000	    513.99664307	    320.34741211	      2.77195287	      0.00000000	      0.00000000
   -999.00000000	    481.71105957	    322.26605225	      2.19300699	      0.00000000	      0.00000000
   -999.00000000	    451.06610107	    324.03594971	      1.72376955	      0.00000000	      0.00000000
   -999.00000000	    421.98596191	    325.66180420	      1.33962631	      0.00000000	      0.00000000
   -999.00000000	    394.39202881	    327.14526367	      1.02073216	      0.00000000	      0.00000000
   -999.00000000	    368.21337891	    328.50985718	      0.75203294	      0.00000000	      0.00000000
   -999.00000000	    343.38980103	    329.76068115	      0.53106844	      0.00000000	      0.00000000
   -999.00000000	    319.86517334	    330.89099121	      0.36236450	      0.00000000	      0.00000000
   -999.00000000	    297.58139038	    331.90124512	      0.24250585	      0.00000000	      0.00000000
   -999.00000000	    276.48312378	    332.80529785	      0.16168061	      0.00000000	      0.00000000
   -999.00000000	    256.52200317	    333.61822510	      0.10870074	      0.00000000	      0.00000000
   -999.00000000	    237.65528870	    334.36502075	      0.07378004	      0.00000000	      0.00000000
   -999.00000000	    219.84294128	    335.09939575	      0.04971511	      0.00000000	      0.00000000
   -999.00000000	    203.04684448	    335.94348145	      0.03192050	      0.00000000	      0.00000000
   -999.00000000	    187.23606873	    337.17114258	      0.01928206	      0.00000000	      0.00000000
   -999.00000000	    172.39562988	    339.25396729	      0.01161477	      0.00000000	      0.00000000
   -999.00000000	    158.52896118	    342.69915771	      0.00790917	      0.00000000	      0.00000000
   -999.00000000	    145.64125061	    347.75012207	      0.00632757	      0.00000000	      0.00000000
   -999.00000000	    133.71772766	    354.24362183	      0.00563545	      0.00000000	      0.00000000
   -999.00000000	    122.71082306	    361.78509521	      0.00526695	      0.00000000	      0.00000000
   -999.00000000	    112.55094147	    369.91967773	      0.00501738	      0.00000000	      0.00000000
   -999.00000000	    103.19573212	    378.33435059	      0.00482229	      0.00000000	      0.00000000
   -999.00000000	     94.61397552	    387.00329590	      0.00464687	      0.00000000	      0.00000000
   -999.00000000	     86.75070190	    396.00970459	      0.00446689	      0.00000000	      0.00000000
   -999.00000000	     79.54621887	    405.96920776	      0.00423760	      0.00000000	      0.00000000
   -999.00000000	     72.95227051	    417.84445190	      0.00389353	      0.00000000	      0.00000000
   -999.00000000	     66.94184875	    432.48522949	      0.00339776	      0.00000000	      0.00000000
   -999.00000000	     61.49092102	    449.28900146	      0.00283496	      0.00000000	      0.00000000
   -999.00000000	     56.55340195	    466.83410645	      0.00238920	      0.00000000	      0.00000000
   -999.00000000	     52.06709290	    483.65682983	      0.00220630	      0.00000000	      0.00000000
   -999.00000000	     47.90674973	    499.39248657	      0.00218122	      0.00000000	      0.00000000
   -999.00000000	     43.73529434	    515.56463623	      0.00217877	      0.00000000	      0.00000000
   -999.00000000	     39.58145523	    533.41394043	      0.00215505	      0.00000000	      0.00000000
   -999.00000000	     35.48686600	    554.53009033	      0.00204190	      0.00000000	      0.00000000
   -999.00000000	     31.50633049	    580.16333008	      0.00178300	      0.00000000	      0.00000000
   -999.00000000	     27.69278145	    610.52752686	      0.00141308	      0.00000000	      0.00000000
   -999.00000000	     24.07735634	    643.23205566	      0.00106298	      0.00000000	      0.00000000
   -999.00000000	     20.65799141	    670.80810547	      0.00088647	      0.00000000	      0.00000000
   -999.00000000	     17.40885353	    686.37756348	      0.00088218	      0.00000000	      0.00000000
  10000.00,         64,    1009.32
   -999.00000000	   1006.47259521	    298.79452515	     17.45695877	      0.00000000	      0.00000000
   -999.00000000	   1000.79559326	    298.70309448	     17.03844452	      0.00000000	      0.00000000
   -999.00000000	    994.81799316	    298.71807861	     16.86437225	      0.00000000	      0.00000000
   -999.00000000	    988.18902588	    298.76251221	     16.63473892	      0.00000000	      0.00000000
   -999.00000000	    980.84204102	    298.83175659	     16.35037422	      0.00000000	      0.00000000
   -999.00000000	    972.70446777	    298.92669678	     16.00048256	      0.00000000	      0.00000000
   -999.00000000	    963.69812012	    299.05780029	     15.59199429	      0.00000000	      0.00000000
   -999.00000000	    953.73974609	    299.24279785	     15.12023067	      0.00000000	      0.00000000
   -999.00000000	    942.74066162	    299.50885010	     14.57631683	      0.00000000	      0.00000000
   -999.00000000	    930.60626221	    299.87799072	     13.96437454	      0.00000000	      0.00000000
   -999.00000000	    917.23614502	    300.35299683	     13.33845901	      0.00000000	      0.00000000
   -999.00000000	    902.52508545	    300.90536499	     12.76623821	      0.00000000	      0.00000000
   -999.00000000	    886.36285400	    301.52157593	     12.24725628	      0.00000000	      0.00000000
   -999.00000000	    868.63604736	    302.21295166	     11.73002148	      0.00000000	      0.00000000
   -999.00000000	    849.23004150	    303.00265503	     11.16883087	      0.00000000	      0.00000000
   -999.00000000	    828.03057861	    303.90121460	     10.55072689	      0.00000000	      0.00000000
   -999.00000000	    804.92651367	    304.91085815	      9.88637733	      0.00000000	      0.00000000
   -999.00000000	    779.81134033	    306.03305054	      9.19135094	      0.00000000	      0.00000000
   -999.00000000	    752.58953857	    307.28259277	      8.46709347	      0.00000000	      0.00000000
   -999.00000000	    723.18359375	    308.68627930	      7.70416117	      0.00000000	      0.00000000
   -999.00000000	    691.53875732	    310.25787354	      6.89880037	      0.00000000	      0.00000000
   -999.00000000	    657.62860107	    312.00442505	      6.05972862	      0.00000000	      0.00000000
   -999.00000000	    621.46063232	    313.95379639	      5.18902731	      0.00000000	      0.00000000
   -999.00000000	    583.78582764	    316.11917114	      4.29600430	      0.00000000	      0.00000000
   -999.00000000	    547.99493408	    318.28399658	      3.47665071	      0.00000000	      0.00000000
   -999.00000000	    513.99664307	    320.34741211	      2.77195287	      0.00000000	      0.00000000
   -999.00000000	    481.71105957	    322.26605225	      2.19300699	      0.00000000	      0.00000000
   -999.00000000	    451.06610107	    324.03594971	      1.72376955	      0.00000000	      0.00000000
   -999.00000000	    421.98596191	    325.66180420	      1.33962631	      0.00000000	      0.00000000
   -999.00000000	    394.39202881	    327.14526367	      1.02073216	      0.00000000	      0.00000000
   -999.00000000	    368.21337891	    328.50985718	      0.75203294	      0.00000000	      0.00000000
   -999.00000000	    343.38980103	    329.76068115	      0.53106844	      0.00000000	      0.00000000
   -999.00000000	    319.86517334	    330.89099121	      0.36236450	      0.00000000	      0.00000000
   -999.00000000	    297.58139038	    331.90124512	      0.24250585	      0.00000000	      0.00000000
   -999.00000000	    276.48312378	    332.80529785	      0.16168061	      0.00000000	      0.00000000
   -999.00000000	    256.52200317	    333.61822510	      0.10870074	      0.00000000	      0.00000000
   -999.00000000	    237.65528870	    334.36502075	      0.07378004	      0.00000000	      0.00000000
   -999.00000000	    219.84294128	    335.09939575	      0.04971511	      0.00000000	      0.00000000
   -999.00000000	    203.04684448	    335.94348145	      0.03192050	      0.00000000	      0.00000000
   -999.00000000	    187.23606873	    337.17114258	      0.01928206	      0.00000000	      0.00000000
   -999.00000000	    172.39562988	    339.25396729	      0.01161477	      0.00000000	      0.00000000
   -999.00000000	    158.52896118	    342.69915771	      0.00790917	      0.00000000	      0.00000000
   -999.00000000	    145.64125061	    347.75012207	      0.00632757	      0.00000000	      0.00000000
   -999.00000000	    133.71772766	    354.24362183	      0.00563545	      0.00000000	      0.00000000
   -999.00000000	    122.71082306	    361.78509521	      0.00526695	      0.00000000	      0.00000000
   -999.00000000	    112.55094147	    369.91967773	      0.00501738	      0.00000000	      0.00000000
   -999.00000000	    103.19573212	    378.33435059	      0.00482229	      0.00000000	      0.00000000
   -999.00000000	     94.61397552	    387.00329590	      0.00464687	      0.00000000	      0.00000000
   -999.00000000	     86.75070190	    396.00970459	      0.00446689	      0.00000000	      0.00000000
   -999.00000000	     79.54621887	    405.96920776	      0.00423760	      0.00000000	      0.00000000
   -999.00000000	     72.95227051	    417.84445190	      0.00389353	      0.00000000	      0.00000000
   -999.00000000	     66.94184875	    432.48522949	      0.00339776	      0.00000000	      0.00000000
   -999.00000000	     61.49092102	    449.28900146	      0.00283496	      0.00000000	      0.00000000
   -999.00000000	     56.55340195	    466.83410645	      0.00238920	      0.00000000	      0.00000000
   -999.00000000	     52.06709290	    483.65682983	      0.00220630	      0.00000000	      0.00000000
   -999.00000000	     47.90674973	    499.39248657	      0.00218122	      0.00000000	      0.00000000
   -999.00000000	     43.73529434	    515.56463623	      0.00217877	      0.00000000	      0.00000000
   -999.00000000	     39.58145523	    533.41394043	      0.00215505	      0.00000000	      0.00000000
   -999.00000000	     35.48686600	    554.53009033	      0.00204190	      0.00000000	      0.00000000
   -999.00000000	     31.50633049	    580.16333008	      0.00178300	      0.00000000	      0.00000000
   -999.00000000	     27.69278145	    610.52752686	      0.00141308	      0.00000000	      0.00000000
   -999.00000000	     24.07735634	    643.23205566	      0.00106298	      0.00000000	      0.00000000
   -999.00000000	     20.65799141	    670.80810547	      0.00088647	      0.00000000	      0.00000000
   -999.00000000	     17.40885353	    686.37756348	      0.00088218	      0.00000000	      0.00000000
