      z[m]      p[mb]      tp[K]    q[g/kg]     u[m/s]     v[m/s]
      0.00,         64,    1009.32
     25.00000000	   1006.45922852	    297.70672607	     15.21604347	      0.00000000	      0.00000000
     75.00000000	   1000.75628662	    297.65621948	     14.82084465	      0.00000000	      0.00000000
    127.84809875	    994.75268555	    297.70205688	     14.76052856	      0.00000000	      0.00000000
    186.71687317	    988.09613037	    297.74966431	     14.69995117	      0.00000000	      0.00000000
    252.29220581	    980.71954346	    297.80151367	     14.63736820	      0.00000000	      0.00000000
    325.33816528	    972.54992676	    297.85668945	     14.54571915	      0.00000000	      0.00000000
    406.70581055	    963.50799561	    297.92324829	     14.41778183	      0.00000000	      0.00000000
    497.34317017	    953.50830078	    298.01519775	     14.22360229	      0.00000000	      0.00000000
    598.30627441	    942.45953369	    298.15951538	     13.92229652	      0.00000000	      0.00000000
    710.77154541	    930.26489258	    298.40243530	     13.45874023	      0.00000000	      0.00000000
    836.04931641	    916.82342529	    298.78048706	     12.83753014	      0.00000000	      0.00000000
    975.59924316	    902.03002930	    299.28085327	     12.16509247	      0.00000000	      0.00000000
   1131.04724121	    885.77569580	    299.87896729	     11.51739311	      0.00000000	      0.00000000
   1304.20446777	    867.94769287	    300.55923462	     10.90102196	      0.00000000	      0.00000000
   1497.08850098	    848.43139648	    301.32156372	     10.29189301	      0.00000000	      0.00000000
   1711.94665527	    827.11193848	    302.17303467	      9.66870403	      0.00000000	      0.00000000
   1951.28234863	    803.87707520	    303.12350464	      9.02056026	      0.00000000	      0.00000000
   2217.88403320	    778.62133789	    304.19485474	      8.33865929	      0.00000000	      0.00000000
   2514.85815430	    751.25097656	    305.41549683	      7.61311531	      0.00000000	      0.00000000
   2845.66479492	    721.68914795	    306.79711914	      6.84250736	      0.00000000	      0.00000000
   3214.15820313	    689.88079834	    308.34384155	      6.03387499	      0.00000000	      0.00000000
   3624.63183594	    655.80078125	    310.07467651	      5.19172096	      0.00000000	      0.00000000
   4081.86840820	    619.46606445	    312.03186035	      4.31806946	      0.00000000	      0.00000000
   4581.86816406	    581.63616943	    314.17724609	      3.45910716	      0.00000000	      0.00000000
   5081.86816406	    545.71008301	    316.21456909	      2.74151301	      0.00000000	      0.00000000
   5581.86816406	    511.59231567	    318.11688232	      2.16612673	      0.00000000	      0.00000000
   6081.86816406	    479.20019531	    319.92965698	      1.69702446	      0.00000000	      0.00000000
   6581.86816406	    448.45941162	    321.67526245	      1.30402088	      0.00000000	      0.00000000
   7081.86816406	    419.29843140	    323.32376099	      0.97883046	      0.00000000	      0.00000000
   7581.86816406	    391.64517212	    324.82360840	      0.72208238	      0.00000000	      0.00000000
   8081.86816406	    365.42831421	    326.14816284	      0.52617663	      0.00000000	      0.00000000
   8581.86816406	    340.57919312	    327.28701782	      0.37973344	      0.00000000	      0.00000000
   9081.86816406	    317.03222656	    328.23959351	      0.27100044	      0.00000000	      0.00000000
   9581.86816406	    294.72686768	    329.02209473	      0.19089442	      0.00000000	      0.00000000
  10081.86816406	    273.60839844	    329.66848755	      0.13324124	      0.00000000	      0.00000000
  10581.86816406	    253.62709045	    330.22378540	      0.09299092	      0.00000000	      0.00000000
  11081.86816406	    234.73791504	    330.74316406	      0.06503182	      0.00000000	      0.00000000
  11581.86816406	    216.90052795	    331.28265381	      0.04523629	      0.00000000	      0.00000000
  12081.86816406	    200.07884216	    331.90615845	      0.03091333	      0.00000000	      0.00000000
  12581.86816406	    184.24122620	    332.70809937	      0.02040937	      0.00000000	      0.00000000
  13081.86816406	    169.36061096	    333.82830811	      0.01286288	      0.00000000	      0.00000000
  13581.86816406	    155.41482544	    335.49298096	      0.00781119	      0.00000000	      0.00000000
  14081.86816406	    142.39016724	    338.08142090	      0.00468810	      0.00000000	      0.00000000
  14581.86816406	    130.28402710	    342.12686157	      0.00290083	      0.00000000	      0.00000000
  15081.86816406	    119.09802246	    348.14611816	      0.00202890	      0.00000000	      0.00000000
  15581.86816406	    108.82484436	    356.32153320	      0.00175051	      0.00000000	      0.00000000
  16081.86816406	     99.43683624	    366.34188843	      0.00184103	      0.00000000	      0.00000000
  16581.86718750	     90.88278961	    377.56207275	      0.00215673	      0.00000000	      0.00000000
  17081.86718750	     83.09577179	    389.34695435	      0.00257815	      0.00000000	      0.00000000
  17581.86718750	     76.00573730	    401.31112671	      0.00302550	      0.00000000	      0.00000000
  18081.86718750	     69.54914093	    413.56417847	      0.00343898	      0.00000000	      0.00000000
  18581.86718750	     63.67335892	    426.79776001	      0.00374537	      0.00000000	      0.00000000
  19081.86718750	     58.33259583	    441.28271484	      0.00385176	      0.00000000	      0.00000000
  19581.86718750	     53.48004913	    456.49765015	      0.00378502	      0.00000000	      0.00000000
  20081.86718750	     49.06675720	    471.78860474	      0.00349276	      0.00000000	      0.00000000
  20590.05468750	     44.98238373	    487.09219360	      0.00296654	      0.00000000	      0.00000000
  21149.06054688	     40.90670395	    503.91802979	      0.00222554	      0.00000000	      0.00000000
  21763.96679688	     36.87554169	    523.04125977	      0.00147323	      0.00000000	      0.00000000
  22440.36328125	     32.92790222	    545.07781982	      0.00104292	      0.00000000	      0.00000000
  23184.40039063	     29.10423660	    570.45281982	      0.00103537	      0.00000000	      0.00000000
  24002.83984375	     25.44340134	    599.36944580	      0.00103560	      0.00000000	      0.00000000
  24903.12304688	     21.97743034	    630.77508545	      0.00100185	      0.00000000	      0.00000000
  25893.43554688	     18.72168159	    660.00201416	      0.00095296	      0.00000000	      0.00000000
  26982.77929688	     15.67394257	    681.41424561	      0.00093473	      0.00000000	      0.00000000
  10000.00,         64,    1009.32
     25.00000000	   1006.45922852	    297.70672607	     15.21604347	      0.00000000	      0.00000000
     75.00000000	   1000.75628662	    297.65621948	     14.82084465	      0.00000000	      0.00000000
    127.84809875	    994.75268555	    297.70205688	     14.76052856	      0.00000000	      0.00000000
    186.71687317	    988.09613037	    297.74966431	     14.69995117	      0.00000000	      0.00000000
    252.29220581	    980.71954346	    297.80151367	     14.63736820	      0.00000000	      0.00000000
    325.33816528	    972.54992676	    297.85668945	     14.54571915	      0.00000000	      0.00000000
    406.70581055	    963.50799561	    297.92324829	     14.41778183	      0.00000000	      0.00000000
    497.34317017	    953.50830078	    298.01519775	     14.22360229	      0.00000000	      0.00000000
    598.30627441	    942.45953369	    298.15951538	     13.92229652	      0.00000000	      0.00000000
    710.77154541	    930.26489258	    298.40243530	     13.45874023	      0.00000000	      0.00000000
    836.04931641	    916.82342529	    298.78048706	     12.83753014	      0.00000000	      0.00000000
    975.59924316	    902.03002930	    299.28085327	     12.16509247	      0.00000000	      0.00000000
   1131.04724121	    885.77569580	    299.87896729	     11.51739311	      0.00000000	      0.00000000
   1304.20446777	    867.94769287	    300.55923462	     10.90102196	      0.00000000	      0.00000000
   1497.08850098	    848.43139648	    301.32156372	     10.29189301	      0.00000000	      0.00000000
   1711.94665527	    827.11193848	    302.17303467	      9.66870403	      0.00000000	      0.00000000
   1951.28234863	    803.87707520	    303.12350464	      9.02056026	      0.00000000	      0.00000000
   2217.88403320	    778.62133789	    304.19485474	      8.33865929	      0.00000000	      0.00000000
   2514.85815430	    751.25097656	    305.41549683	      7.61311531	      0.00000000	      0.00000000
   2845.66479492	    721.68914795	    306.79711914	      6.84250736	      0.00000000	      0.00000000
   3214.15820313	    689.88079834	    308.34384155	      6.03387499	      0.00000000	      0.00000000
   3624.63183594	    655.80078125	    310.07467651	      5.19172096	      0.00000000	      0.00000000
   4081.86840820	    619.46606445	    312.03186035	      4.31806946	      0.00000000	      0.00000000
   4581.86816406	    581.63616943	    314.17724609	      3.45910716	      0.00000000	      0.00000000
   5081.86816406	    545.71008301	    316.21456909	      2.74151301	      0.00000000	      0.00000000
   5581.86816406	    511.59231567	    318.11688232	      2.16612673	      0.00000000	      0.00000000
   6081.86816406	    479.20019531	    319.92965698	      1.69702446	      0.00000000	      0.00000000
   6581.86816406	    448.45941162	    321.67526245	      1.30402088	      0.00000000	      0.00000000
   7081.86816406	    419.29843140	    323.32376099	      0.97883046	      0.00000000	      0.00000000
   7581.86816406	    391.64517212	    324.82360840	      0.72208238	      0.00000000	      0.00000000
   8081.86816406	    365.42831421	    326.14816284	      0.52617663	      0.00000000	      0.00000000
   8581.86816406	    340.57919312	    327.28701782	      0.37973344	      0.00000000	      0.00000000
   9081.86816406	    317.03222656	    328.23959351	      0.27100044	      0.00000000	      0.00000000
   9581.86816406	    294.72686768	    329.02209473	      0.19089442	      0.00000000	      0.00000000
  10081.86816406	    273.60839844	    329.66848755	      0.13324124	      0.00000000	      0.00000000
  10581.86816406	    253.62709045	    330.22378540	      0.09299092	      0.00000000	      0.00000000
  11081.86816406	    234.73791504	    330.74316406	      0.06503182	      0.00000000	      0.00000000
  11581.86816406	    216.90052795	    331.28265381	      0.04523629	      0.00000000	      0.00000000
  12081.86816406	    200.07884216	    331.90615845	      0.03091333	      0.00000000	      0.00000000
  12581.86816406	    184.24122620	    332.70809937	      0.02040937	      0.00000000	      0.00000000
  13081.86816406	    169.36061096	    333.82830811	      0.01286288	      0.00000000	      0.00000000
  13581.86816406	    155.41482544	    335.49298096	      0.00781119	      0.00000000	      0.00000000
  14081.86816406	    142.39016724	    338.08142090	      0.00468810	      0.00000000	      0.00000000
  14581.86816406	    130.28402710	    342.12686157	      0.00290083	      0.00000000	      0.00000000
  15081.86816406	    119.09802246	    348.14611816	      0.00202890	      0.00000000	      0.00000000
  15581.86816406	    108.82484436	    356.32153320	      0.00175051	      0.00000000	      0.00000000
  16081.86816406	     99.43683624	    366.34188843	      0.00184103	      0.00000000	      0.00000000
  16581.86718750	     90.88278961	    377.56207275	      0.00215673	      0.00000000	      0.00000000
  17081.86718750	     83.09577179	    389.34695435	      0.00257815	      0.00000000	      0.00000000
  17581.86718750	     76.00573730	    401.31112671	      0.00302550	      0.00000000	      0.00000000
  18081.86718750	     69.54914093	    413.56417847	      0.00343898	      0.00000000	      0.00000000
  18581.86718750	     63.67335892	    426.79776001	      0.00374537	      0.00000000	      0.00000000
  19081.86718750	     58.33259583	    441.28271484	      0.00385176	      0.00000000	      0.00000000
  19581.86718750	     53.48004913	    456.49765015	      0.00378502	      0.00000000	      0.00000000
  20081.86718750	     49.06675720	    471.78860474	      0.00349276	      0.00000000	      0.00000000
  20590.05468750	     44.98238373	    487.09219360	      0.00296654	      0.00000000	      0.00000000
  21149.06054688	     40.90670395	    503.91802979	      0.00222554	      0.00000000	      0.00000000
  21763.96679688	     36.87554169	    523.04125977	      0.00147323	      0.00000000	      0.00000000
  22440.36328125	     32.92790222	    545.07781982	      0.00104292	      0.00000000	      0.00000000
  23184.40039063	     29.10423660	    570.45281982	      0.00103537	      0.00000000	      0.00000000
  24002.83984375	     25.44340134	    599.36944580	      0.00103560	      0.00000000	      0.00000000
  24903.12304688	     21.97743034	    630.77508545	      0.00100185	      0.00000000	      0.00000000
  25893.43554688	     18.72168159	    660.00201416	      0.00095296	      0.00000000	      0.00000000
  26982.77929688	     15.67394257	    681.41424561	      0.00093473	      0.00000000	      0.00000000
