      z[m]      p[mb]      tp[K]    q[g/kg]     u[m/s]     v[m/s]
      0.00,         64,    1009.32
   -999.00000000	   1006.46630859	    298.36267090	     16.10051918	      0.00000000	      0.00000000
   -999.00000000	   1000.77734375	    298.32635498	     15.73464489	      0.00000000	      0.00000000
   -999.00000000	    994.78851318	    298.37026978	     15.67791653	      0.00000000	      0.00000000
   -999.00000000	    988.14831543	    298.41540527	     15.61725426	      0.00000000	      0.00000000
   -999.00000000	    980.78991699	    298.46255493	     15.55281258	      0.00000000	      0.00000000
   -999.00000000	    972.64044189	    298.51583862	     15.45658207	      0.00000000	      0.00000000
   -999.00000000	    963.62084961	    298.58337402	     15.31730938	      0.00000000	      0.00000000
   -999.00000000	    953.64599609	    298.68334961	     15.09659195	      0.00000000	      0.00000000
   -999.00000000	    942.62512207	    298.85073853	     14.74036121	      0.00000000	      0.00000000
   -999.00000000	    930.46258545	    299.13867188	     14.18853855	      0.00000000	      0.00000000
   -999.00000000	    917.05847168	    299.56777954	     13.49449635	      0.00000000	      0.00000000
   -999.00000000	    902.30828857	    300.10601807	     12.79718781	      0.00000000	      0.00000000
   -999.00000000	    886.10266113	    300.72485352	     12.15338707	      0.00000000	      0.00000000
   -999.00000000	    868.32861328	    301.42098999	     11.54063034	      0.00000000	      0.00000000
   -999.00000000	    848.87158203	    302.20358276	     10.91997433	      0.00000000	      0.00000000
   -999.00000000	    827.61737061	    303.08111572	     10.26937008	      0.00000000	      0.00000000
   -999.00000000	    804.45422363	    304.06008911	      9.58489323	      0.00000000	      0.00000000
   -999.00000000	    779.27587891	    305.15386963	      8.86596107	      0.00000000	      0.00000000
   -999.00000000	    751.98736572	    306.38879395	      8.10481262	      0.00000000	      0.00000000
   -999.00000000	    722.51226807	    307.78952026	      7.29492760	      0.00000000	      0.00000000
   -999.00000000	    690.79693604	    309.36141968	      6.44153070	      0.00000000	      0.00000000
   -999.00000000	    656.81567383	    311.11798096	      5.55371523	      0.00000000	      0.00000000
   -999.00000000	    620.58459473	    313.09735107	      4.63540220	      0.00000000	      0.00000000
   -999.00000000	    582.86029053	    315.28665161	      3.72594595	      0.00000000	      0.00000000
   -999.00000000	    547.03222656	    317.40118408	      2.95959353	      0.00000000	      0.00000000
   -999.00000000	    513.00549316	    319.36865234	      2.35102320	      0.00000000	      0.00000000
   -999.00000000	    480.69567871	    321.22500610	      1.85986304	      0.00000000	      0.00000000
   -999.00000000	    450.02694702	    323.01336670	      1.44672906	      0.00000000	      0.00000000
   -999.00000000	    420.93005371	    324.72470093	      1.09747875	      0.00000000	      0.00000000
   -999.00000000	    393.33663940	    326.31018066	      0.81594127	      0.00000000	      0.00000000
   -999.00000000	    367.17788696	    327.73693848	      0.59919161	      0.00000000	      0.00000000
   -999.00000000	    342.38528442	    328.99426270	      0.43576899	      0.00000000	      0.00000000
   -999.00000000	    318.89245605	    330.08230591	      0.31218001	      0.00000000	      0.00000000
   -999.00000000	    296.63769531	    331.00698853	      0.21995401	      0.00000000	      0.00000000
   -999.00000000	    275.56445313	    331.78494263	      0.15319102	      0.00000000	      0.00000000
   -999.00000000	    255.62184143	    332.45077515	      0.10635214	      0.00000000	      0.00000000
   -999.00000000	    236.76429749	    333.05737305	      0.07377709	      0.00000000	      0.00000000
   -999.00000000	    218.95164490	    333.67507935	      0.05070967	      0.00000000	      0.00000000
   -999.00000000	    202.14924622	    334.40078735	      0.03400226	      0.00000000	      0.00000000
   -999.00000000	    186.32775879	    335.38351440	      0.02193595	      0.00000000	      0.00000000
   -999.00000000	    171.46380615	    336.83792114	      0.01364447	      0.00000000	      0.00000000
   -999.00000000	    157.54043579	    339.09063721	      0.00840993	      0.00000000	      0.00000000
   -999.00000000	    144.54875183	    342.61914063	      0.00543070	      0.00000000	      0.00000000
   -999.00000000	    132.48789978	    347.92272949	      0.00398172	      0.00000000	      0.00000000
   -999.00000000	    121.35816956	    355.26104736	      0.00350855	      0.00000000	      0.00000000
   -999.00000000	    111.14633942	    364.46026611	      0.00361149	      0.00000000	      0.00000000
   -999.00000000	    101.81427002	    375.00570679	      0.00407711	      0.00000000	      0.00000000
   -999.00000000	     93.30192566	    386.33294678	      0.00469367	      0.00000000	      0.00000000
   -999.00000000	     85.53890228	    398.08105469	      0.00528649	      0.00000000	      0.00000000
   -999.00000000	     78.45482635	    410.10519409	      0.00571651	      0.00000000	      0.00000000
   -999.00000000	     71.98772430	    422.61669922	      0.00588417	      0.00000000	      0.00000000
   -999.00000000	     66.08879089	    436.27685547	      0.00581803	      0.00000000	      0.00000000
   -999.00000000	     60.71720123	    451.34863281	      0.00545218	      0.00000000	      0.00000000
   -999.00000000	     55.83047485	    467.38238525	      0.00473747	      0.00000000	      0.00000000
   -999.00000000	     51.38176727	    483.71688843	      0.00374722	      0.00000000	      0.00000000
   -999.00000000	     47.26012039	    500.09899902	      0.00269161	      0.00000000	      0.00000000
   -999.00000000	     43.14072800	    517.77386475	      0.00181983	      0.00000000	      0.00000000
   -999.00000000	     39.05670547	    537.23632813	      0.00146738	      0.00000000	      0.00000000
   -999.00000000	     35.04431915	    559.23358154	      0.00146123	      0.00000000	      0.00000000
   -999.00000000	     31.14254379	    584.71606445	      0.00143050	      0.00000000	      0.00000000
   -999.00000000	     27.39119339	    614.42156982	      0.00125395	      0.00000000	      0.00000000
   -999.00000000	     23.82470131	    647.49298096	      0.00096077	      0.00000000	      0.00000000
   -999.00000000	     20.45921326	    678.88732910	      0.00075635	      0.00000000	      0.00000000
   -999.00000000	     17.28996849	    702.34417725	      0.00072015	      0.00000000	      0.00000000
  10000.00,         64,    1009.32
   -999.00000000	   1006.46630859	    298.36267090	     16.10051918	      0.00000000	      0.00000000
   -999.00000000	   1000.77734375	    298.32635498	     15.73464489	      0.00000000	      0.00000000
   -999.00000000	    994.78851318	    298.37026978	     15.67791653	      0.00000000	      0.00000000
   -999.00000000	    988.14831543	    298.41540527	     15.61725426	      0.00000000	      0.00000000
   -999.00000000	    980.78991699	    298.46255493	     15.55281258	      0.00000000	      0.00000000
   -999.00000000	    972.64044189	    298.51583862	     15.45658207	      0.00000000	      0.00000000
   -999.00000000	    963.62084961	    298.58337402	     15.31730938	      0.00000000	      0.00000000
   -999.00000000	    953.64599609	    298.68334961	     15.09659195	      0.00000000	      0.00000000
   -999.00000000	    942.62512207	    298.85073853	     14.74036121	      0.00000000	      0.00000000
   -999.00000000	    930.46258545	    299.13867188	     14.18853855	      0.00000000	      0.00000000
   -999.00000000	    917.05847168	    299.56777954	     13.49449635	      0.00000000	      0.00000000
   -999.00000000	    902.30828857	    300.10601807	     12.79718781	      0.00000000	      0.00000000
   -999.00000000	    886.10266113	    300.72485352	     12.15338707	      0.00000000	      0.00000000
   -999.00000000	    868.32861328	    301.42098999	     11.54063034	      0.00000000	      0.00000000
   -999.00000000	    848.87158203	    302.20358276	     10.91997433	      0.00000000	      0.00000000
   -999.00000000	    827.61737061	    303.08111572	     10.26937008	      0.00000000	      0.00000000
   -999.00000000	    804.45422363	    304.06008911	      9.58489323	      0.00000000	      0.00000000
   -999.00000000	    779.27587891	    305.15386963	      8.86596107	      0.00000000	      0.00000000
   -999.00000000	    751.98736572	    306.38879395	      8.10481262	      0.00000000	      0.00000000
   -999.00000000	    722.51226807	    307.78952026	      7.29492760	      0.00000000	      0.00000000
   -999.00000000	    690.79693604	    309.36141968	      6.44153070	      0.00000000	      0.00000000
   -999.00000000	    656.81567383	    311.11798096	      5.55371523	      0.00000000	      0.00000000
   -999.00000000	    620.58459473	    313.09735107	      4.63540220	      0.00000000	      0.00000000
   -999.00000000	    582.86029053	    315.28665161	      3.72594595	      0.00000000	      0.00000000
   -999.00000000	    547.03222656	    317.40118408	      2.95959353	      0.00000000	      0.00000000
   -999.00000000	    513.00549316	    319.36865234	      2.35102320	      0.00000000	      0.00000000
   -999.00000000	    480.69567871	    321.22500610	      1.85986304	      0.00000000	      0.00000000
   -999.00000000	    450.02694702	    323.01336670	      1.44672906	      0.00000000	      0.00000000
   -999.00000000	    420.93005371	    324.72470093	      1.09747875	      0.00000000	      0.00000000
   -999.00000000	    393.33663940	    326.31018066	      0.81594127	      0.00000000	      0.00000000
   -999.00000000	    367.17788696	    327.73693848	      0.59919161	      0.00000000	      0.00000000
   -999.00000000	    342.38528442	    328.99426270	      0.43576899	      0.00000000	      0.00000000
   -999.00000000	    318.89245605	    330.08230591	      0.31218001	      0.00000000	      0.00000000
   -999.00000000	    296.63769531	    331.00698853	      0.21995401	      0.00000000	      0.00000000
   -999.00000000	    275.56445313	    331.78494263	      0.15319102	      0.00000000	      0.00000000
   -999.00000000	    255.62184143	    332.45077515	      0.10635214	      0.00000000	      0.00000000
   -999.00000000	    236.76429749	    333.05737305	      0.07377709	      0.00000000	      0.00000000
   -999.00000000	    218.95164490	    333.67507935	      0.05070967	      0.00000000	      0.00000000
   -999.00000000	    202.14924622	    334.40078735	      0.03400226	      0.00000000	      0.00000000
   -999.00000000	    186.32775879	    335.38351440	      0.02193595	      0.00000000	      0.00000000
   -999.00000000	    171.46380615	    336.83792114	      0.01364447	      0.00000000	      0.00000000
   -999.00000000	    157.54043579	    339.09063721	      0.00840993	      0.00000000	      0.00000000
   -999.00000000	    144.54875183	    342.61914063	      0.00543070	      0.00000000	      0.00000000
   -999.00000000	    132.48789978	    347.92272949	      0.00398172	      0.00000000	      0.00000000
   -999.00000000	    121.35816956	    355.26104736	      0.00350855	      0.00000000	      0.00000000
   -999.00000000	    111.14633942	    364.46026611	      0.00361149	      0.00000000	      0.00000000
   -999.00000000	    101.81427002	    375.00570679	      0.00407711	      0.00000000	      0.00000000
   -999.00000000	     93.30192566	    386.33294678	      0.00469367	      0.00000000	      0.00000000
   -999.00000000	     85.53890228	    398.08105469	      0.00528649	      0.00000000	      0.00000000
   -999.00000000	     78.45482635	    410.10519409	      0.00571651	      0.00000000	      0.00000000
   -999.00000000	     71.98772430	    422.61669922	      0.00588417	      0.00000000	      0.00000000
   -999.00000000	     66.08879089	    436.27685547	      0.00581803	      0.00000000	      0.00000000
   -999.00000000	     60.71720123	    451.34863281	      0.00545218	      0.00000000	      0.00000000
   -999.00000000	     55.83047485	    467.38238525	      0.00473747	      0.00000000	      0.00000000
   -999.00000000	     51.38176727	    483.71688843	      0.00374722	      0.00000000	      0.00000000
   -999.00000000	     47.26012039	    500.09899902	      0.00269161	      0.00000000	      0.00000000
   -999.00000000	     43.14072800	    517.77386475	      0.00181983	      0.00000000	      0.00000000
   -999.00000000	     39.05670547	    537.23632813	      0.00146738	      0.00000000	      0.00000000
   -999.00000000	     35.04431915	    559.23358154	      0.00146123	      0.00000000	      0.00000000
   -999.00000000	     31.14254379	    584.71606445	      0.00143050	      0.00000000	      0.00000000
   -999.00000000	     27.39119339	    614.42156982	      0.00125395	      0.00000000	      0.00000000
   -999.00000000	     23.82470131	    647.49298096	      0.00096077	      0.00000000	      0.00000000
   -999.00000000	     20.45921326	    678.88732910	      0.00075635	      0.00000000	      0.00000000
   -999.00000000	     17.28996849	    702.34417725	      0.00072015	      0.00000000	      0.00000000
