      z[m]      p[mb]      tp[K]    q[g/kg]     u[m/s]     v[m/s]
      0.00,         64,    1009.32
   -999.00000000	   1006.30047607	    284.17449951	      1.22855234	      0.00000000	      0.00000000
   -999.00000000	   1000.28210449	    284.07144165	      1.22388613	      0.00000000	      0.00000000
   -999.00000000	    993.94732666	    284.05160522	      1.22142828	      0.00000000	      0.00000000
   -999.00000000	    986.92401123	    284.03933716	      1.21858525	      0.00000000	      0.00000000
   -999.00000000	    979.14208984	    284.03582764	      1.21563900	      0.00000000	      0.00000000
   -999.00000000	    970.52514648	    284.03491211	      1.21233690	      0.00000000	      0.00000000
   -999.00000000	    960.99023438	    284.03665161	      1.20870686	      0.00000000	      0.00000000
   -999.00000000	    950.44787598	    284.03991699	      1.20465386	      0.00000000	      0.00000000
   -999.00000000	    938.80200195	    284.04449463	      1.20011938	      0.00000000	      0.00000000
   -999.00000000	    925.94970703	    284.05050659	      1.19499969	      0.00000000	      0.00000000
   -999.00000000	    911.78167725	    284.05746460	      1.18919134	      0.00000000	      0.00000000
   -999.00000000	    896.18267822	    284.06579590	      1.18253136	      0.00000000	      0.00000000
   -999.00000000	    879.03204346	    284.07537842	      1.17478967	      0.00000000	      0.00000000
   -999.00000000	    860.20507813	    284.08685303	      1.16561186	      0.00000000	      0.00000000
   -999.00000000	    839.57452393	    284.10034180	      1.15437353	      0.00000000	      0.00000000
   -999.00000000	    817.01269531	    284.11691284	      1.14011109	      0.00000000	      0.00000000
   -999.00000000	    792.39465332	    284.13958740	      1.12078190	      0.00000000	      0.00000000
   -999.00000000	    765.60186768	    284.17214966	      1.09249890	      0.00000000	      0.00000000
   -999.00000000	    736.52728271	    284.23138428	      1.04433060	      0.00000000	      0.00000000
   -999.00000000	    705.08227539	    284.35018921	      0.95769215	      0.00000000	      0.00000000
   -999.00000000	    671.20678711	    284.63458252	      0.79173881	      0.00000000	      0.00000000
   -999.00000000	    634.88531494	    285.09213257	      0.56473559	      0.00000000	      0.00000000
   -999.00000000	    596.15533447	    285.62112427	      0.36394703	      0.00000000	      0.00000000
   -999.00000000	    555.84332275	    286.14291382	      0.22901151	      0.00000000	      0.00000000
   -999.00000000	    517.58514404	    286.58673096	      0.15134452	      0.00000000	      0.00000000
   -999.00000000	    481.29397583	    286.96063232	      0.10244908	      0.00000000	      0.00000000
   -999.00000000	    446.89605713	    287.27716064	      0.06843109	      0.00000000	      0.00000000
   -999.00000000	    414.32089233	    287.55310059	      0.04510016	      0.00000000	      0.00000000
   -999.00000000	    383.50152588	    287.80529785	      0.02949619	      0.00000000	      0.00000000
   -999.00000000	    354.37530518	    288.04998779	      0.01888257	      0.00000000	      0.00000000
   -999.00000000	    326.88546753	    288.34738159	      0.01146162	      0.00000000	      0.00000000
   -999.00000000	    300.99255371	    289.03408813	      0.00614495	      0.00000000	      0.00000000
   -999.00000000	    276.69308472	    290.99249268	      0.00333924	      0.00000000	      0.00000000
   -999.00000000	    254.01882935	    294.81677246	      0.00292817	      0.00000000	      0.00000000
   -999.00000000	    232.99664307	    300.24963379	      0.00299740	      0.00000000	      0.00000000
   -999.00000000	    213.60520935	    306.66751099	      0.00302496	      0.00000000	      0.00000000
   -999.00000000	    195.76797485	    313.48736572	      0.00301290	      0.00000000	      0.00000000
   -999.00000000	    179.37562561	    320.40643311	      0.00298878	      0.00000000	      0.00000000
   -999.00000000	    164.31390381	    327.39456177	      0.00294893	      0.00000000	      0.00000000
   -999.00000000	    150.47718811	    334.55645752	      0.00290606	      0.00000000	      0.00000000
   -999.00000000	    137.77021790	    341.99426270	      0.00288644	      0.00000000	      0.00000000
   -999.00000000	    126.10728455	    349.79241943	      0.00290744	      0.00000000	      0.00000000
   -999.00000000	    115.41004944	    357.99581909	      0.00298094	      0.00000000	      0.00000000
   -999.00000000	    105.60542297	    366.61700439	      0.00311033	      0.00000000	      0.00000000
   -999.00000000	     96.62484741	    375.67233276	      0.00329994	      0.00000000	      0.00000000
   -999.00000000	     88.40494537	    385.23226929	      0.00356445	      0.00000000	      0.00000000
   -999.00000000	     80.88776398	    395.41571045	      0.00390488	      0.00000000	      0.00000000
   -999.00000000	     74.01976013	    406.27606201	      0.00426185	      0.00000000	      0.00000000
   -999.00000000	     67.75055695	    417.82855225	      0.00452373	      0.00000000	      0.00000000
   -999.00000000	     62.03299332	    430.19006348	      0.00460108	      0.00000000	      0.00000000
   -999.00000000	     56.82543564	    443.89959717	      0.00450947	      0.00000000	      0.00000000
   -999.00000000	     52.09317017	    459.78509521	      0.00407853	      0.00000000	      0.00000000
   -999.00000000	     47.80282593	    477.67166138	      0.00325402	      0.00000000	      0.00000000
   -999.00000000	     43.91508484	    496.29150391	      0.00230263	      0.00000000	      0.00000000
   -999.00000000	     40.38536453	    514.41107178	      0.00171560	      0.00000000	      0.00000000
   -999.00000000	     37.12000275	    531.91839600	      0.00169671	      0.00000000	      0.00000000
   -999.00000000	     33.85906601	    550.61804199	      0.00169795	      0.00000000	      0.00000000
   -999.00000000	     30.62889862	    571.61126709	      0.00169265	      0.00000000	      0.00000000
   -999.00000000	     27.46060753	    595.98657227	      0.00148369	      0.00000000	      0.00000000
   -999.00000000	     24.38786316	    624.46563721	      0.00106996	      0.00000000	      0.00000000
   -999.00000000	     21.44228172	    657.06658936	      0.00061347	      0.00000000	      0.00000000
   -999.00000000	     18.64977455	    693.47442627	      0.00032395	      0.00000000	      0.00000000
   -999.00000000	     16.02802086	    732.17370605	      0.00029227	      0.00000000	      0.00000000
   -999.00000000	     13.58332253	    768.34790039	      0.00029223	      0.00000000	      0.00000000
  10000.00,         64,    1009.32
   -999.00000000	   1006.30047607	    284.17449951	      1.22855234	      0.00000000	      0.00000000
   -999.00000000	   1000.28210449	    284.07144165	      1.22388613	      0.00000000	      0.00000000
   -999.00000000	    993.94732666	    284.05160522	      1.22142828	      0.00000000	      0.00000000
   -999.00000000	    986.92401123	    284.03933716	      1.21858525	      0.00000000	      0.00000000
   -999.00000000	    979.14208984	    284.03582764	      1.21563900	      0.00000000	      0.00000000
   -999.00000000	    970.52514648	    284.03491211	      1.21233690	      0.00000000	      0.00000000
   -999.00000000	    960.99023438	    284.03665161	      1.20870686	      0.00000000	      0.00000000
   -999.00000000	    950.44787598	    284.03991699	      1.20465386	      0.00000000	      0.00000000
   -999.00000000	    938.80200195	    284.04449463	      1.20011938	      0.00000000	      0.00000000
   -999.00000000	    925.94970703	    284.05050659	      1.19499969	      0.00000000	      0.00000000
   -999.00000000	    911.78167725	    284.05746460	      1.18919134	      0.00000000	      0.00000000
   -999.00000000	    896.18267822	    284.06579590	      1.18253136	      0.00000000	      0.00000000
   -999.00000000	    879.03204346	    284.07537842	      1.17478967	      0.00000000	      0.00000000
   -999.00000000	    860.20507813	    284.08685303	      1.16561186	      0.00000000	      0.00000000
   -999.00000000	    839.57452393	    284.10034180	      1.15437353	      0.00000000	      0.00000000
   -999.00000000	    817.01269531	    284.11691284	      1.14011109	      0.00000000	      0.00000000
   -999.00000000	    792.39465332	    284.13958740	      1.12078190	      0.00000000	      0.00000000
   -999.00000000	    765.60186768	    284.17214966	      1.09249890	      0.00000000	      0.00000000
   -999.00000000	    736.52728271	    284.23138428	      1.04433060	      0.00000000	      0.00000000
   -999.00000000	    705.08227539	    284.35018921	      0.95769215	      0.00000000	      0.00000000
   -999.00000000	    671.20678711	    284.63458252	      0.79173881	      0.00000000	      0.00000000
   -999.00000000	    634.88531494	    285.09213257	      0.56473559	      0.00000000	      0.00000000
   -999.00000000	    596.15533447	    285.62112427	      0.36394703	      0.00000000	      0.00000000
   -999.00000000	    555.84332275	    286.14291382	      0.22901151	      0.00000000	      0.00000000
   -999.00000000	    517.58514404	    286.58673096	      0.15134452	      0.00000000	      0.00000000
   -999.00000000	    481.29397583	    286.96063232	      0.10244908	      0.00000000	      0.00000000
   -999.00000000	    446.89605713	    287.27716064	      0.06843109	      0.00000000	      0.00000000
   -999.00000000	    414.32089233	    287.55310059	      0.04510016	      0.00000000	      0.00000000
   -999.00000000	    383.50152588	    287.80529785	      0.02949619	      0.00000000	      0.00000000
   -999.00000000	    354.37530518	    288.04998779	      0.01888257	      0.00000000	      0.00000000
   -999.00000000	    326.88546753	    288.34738159	      0.01146162	      0.00000000	      0.00000000
   -999.00000000	    300.99255371	    289.03408813	      0.00614495	      0.00000000	      0.00000000
   -999.00000000	    276.69308472	    290.99249268	      0.00333924	      0.00000000	      0.00000000
   -999.00000000	    254.01882935	    294.81677246	      0.00292817	      0.00000000	      0.00000000
   -999.00000000	    232.99664307	    300.24963379	      0.00299740	      0.00000000	      0.00000000
   -999.00000000	    213.60520935	    306.66751099	      0.00302496	      0.00000000	      0.00000000
   -999.00000000	    195.76797485	    313.48736572	      0.00301290	      0.00000000	      0.00000000
   -999.00000000	    179.37562561	    320.40643311	      0.00298878	      0.00000000	      0.00000000
   -999.00000000	    164.31390381	    327.39456177	      0.00294893	      0.00000000	      0.00000000
   -999.00000000	    150.47718811	    334.55645752	      0.00290606	      0.00000000	      0.00000000
   -999.00000000	    137.77021790	    341.99426270	      0.00288644	      0.00000000	      0.00000000
   -999.00000000	    126.10728455	    349.79241943	      0.00290744	      0.00000000	      0.00000000
   -999.00000000	    115.41004944	    357.99581909	      0.00298094	      0.00000000	      0.00000000
   -999.00000000	    105.60542297	    366.61700439	      0.00311033	      0.00000000	      0.00000000
   -999.00000000	     96.62484741	    375.67233276	      0.00329994	      0.00000000	      0.00000000
   -999.00000000	     88.40494537	    385.23226929	      0.00356445	      0.00000000	      0.00000000
   -999.00000000	     80.88776398	    395.41571045	      0.00390488	      0.00000000	      0.00000000
   -999.00000000	     74.01976013	    406.27606201	      0.00426185	      0.00000000	      0.00000000
   -999.00000000	     67.75055695	    417.82855225	      0.00452373	      0.00000000	      0.00000000
   -999.00000000	     62.03299332	    430.19006348	      0.00460108	      0.00000000	      0.00000000
   -999.00000000	     56.82543564	    443.89959717	      0.00450947	      0.00000000	      0.00000000
   -999.00000000	     52.09317017	    459.78509521	      0.00407853	      0.00000000	      0.00000000
   -999.00000000	     47.80282593	    477.67166138	      0.00325402	      0.00000000	      0.00000000
   -999.00000000	     43.91508484	    496.29150391	      0.00230263	      0.00000000	      0.00000000
   -999.00000000	     40.38536453	    514.41107178	      0.00171560	      0.00000000	      0.00000000
   -999.00000000	     37.12000275	    531.91839600	      0.00169671	      0.00000000	      0.00000000
   -999.00000000	     33.85906601	    550.61804199	      0.00169795	      0.00000000	      0.00000000
   -999.00000000	     30.62889862	    571.61126709	      0.00169265	      0.00000000	      0.00000000
   -999.00000000	     27.46060753	    595.98657227	      0.00148369	      0.00000000	      0.00000000
   -999.00000000	     24.38786316	    624.46563721	      0.00106996	      0.00000000	      0.00000000
   -999.00000000	     21.44228172	    657.06658936	      0.00061347	      0.00000000	      0.00000000
   -999.00000000	     18.64977455	    693.47442627	      0.00032395	      0.00000000	      0.00000000
   -999.00000000	     16.02802086	    732.17370605	      0.00029227	      0.00000000	      0.00000000
   -999.00000000	     13.58332253	    768.34790039	      0.00029223	      0.00000000	      0.00000000
