      z[m]      p[mb]      tp[K]    q[g/kg]     u[m/s]     v[m/s]
      0.00,         64,    1009.32
     25.00000000	   1006.44605853	    296.58054017	     14.09847887	      0.00000000	      0.00000000
     75.00000000	   1000.71646057	    296.50481075	     13.64387728	      0.00000000	      0.00000000
    127.84809875	    994.68426947	    296.53954445	     13.53664532	      0.00000000	      0.00000000
    186.71687317	    987.99596027	    296.58742837	     13.46878701	      0.00000000	      0.00000000
    252.29220581	    980.58448737	    296.64039364	     13.40270258	      0.00000000	      0.00000000
    325.33816528	    972.37661005	    296.69904271	     13.31455390	      0.00000000	      0.00000000
    406.70581055	    963.29289063	    296.77012182	     13.19221631	      0.00000000	      0.00000000
    497.34317017	    953.24766687	    296.86714600	     13.00752342	      0.00000000	      0.00000000
    598.30627441	    942.14926831	    297.01562104	     12.72078774	      0.00000000	      0.00000000
    710.77154541	    929.90072247	    297.26035615	     12.27405207	      0.00000000	      0.00000000
    836.04931641	    916.40080798	    297.63966529	     11.66465721	      0.00000000	      0.00000000
    975.59924316	    901.54434808	    298.14184981	     10.99546669	      0.00000000	      0.00000000
   1131.04724121	    885.22201758	    298.74087392	     10.34383065	      0.00000000	      0.00000000
   1304.20446777	    867.32075739	    299.41901285	      9.72826249	      0.00000000	      0.00000000
   1497.08850098	    847.72507776	    300.16938450	      9.13902668	      0.00000000	      0.00000000
   1711.94665527	    826.31923950	    300.99434863	      8.55989385	      0.00000000	      0.00000000
   1951.28234863	    802.99033301	    301.90655302	      7.97629630	      0.00000000	      0.00000000
   2217.88403320	    777.63245752	    302.92930047	      7.37531609	      0.00000000	      0.00000000
   2514.85815430	    750.15169580	    304.09039944	      6.74276729	      0.00000000	      0.00000000
   2845.66479492	    720.47166083	    305.41445463	      6.06611756	      0.00000000	      0.00000000
   3214.15820312	    688.53968079	    306.92352836	      5.33835323	      0.00000000	      0.00000000
   3624.63183594	    654.33398840	    308.63623432	      4.56274192	      0.00000000	      0.00000000
   4081.86840820	    617.87318677	    310.56199442	      3.76291957	      0.00000000	      0.00000000
   4581.86816406	    579.91820233	    312.63261537	      2.99968365	      0.00000000	      0.00000000
   5081.86816406	    543.87798059	    314.59954044	      2.36076803	      0.00000000	      0.00000000
   5581.86816406	    509.65924170	    316.47822016	      1.82053269	      0.00000000	      0.00000000
   6081.86816406	    477.18170590	    318.28262929	      1.36171964	      0.00000000	      0.00000000
   6581.86816406	    446.36756976	    319.97011215	      0.98921364	      0.00000000	      0.00000000
   7081.86816406	    417.13855640	    321.48068915	      0.70860602	      0.00000000	      0.00000000
   7581.86816406	    389.41780688	    322.79748992	      0.50593888	      0.00000000	      0.00000000
   8081.86816406	    363.13320871	    323.93672833	      0.35866061	      0.00000000	      0.00000000
   8581.86816406	    338.21831812	    324.91634869	      0.24947948	      0.00000000	      0.00000000
   9081.86816406	    314.61158377	    325.74676505	      0.16965441	      0.00000000	      0.00000000
   9581.86816406	    292.25587338	    326.44578015	      0.11375801	      0.00000000	      0.00000000
  10081.86816406	    271.09881628	    327.05008712	      0.07607258	      0.00000000	      0.00000000
  10581.86816406	    251.09334116	    327.61895910	      0.05082384	      0.00000000	      0.00000000
  11081.86816406	    232.19819481	    328.24165332	      0.03356071	      0.00000000	      0.00000000
  11581.86816406	    214.37861758	    329.05106352	      0.02170315	      0.00000000	      0.00000000
  12081.86816406	    197.60740091	    330.24925765	      0.01381555	      0.00000000	      0.00000000
  12581.86816406	    181.86560811	    332.10774465	      0.00893190	      0.00000000	      0.00000000
  13081.86816406	    167.14244606	    334.98036347	      0.00616031	      0.00000000	      0.00000000
  13581.86816406	    153.43353120	    339.27089488	      0.00475061	      0.00000000	      0.00000000
  14081.86816406	    140.73482591	    345.27629586	      0.00423542	      0.00000000	      0.00000000
  14581.86816406	    129.03215262	    352.99924071	      0.00422445	      0.00000000	      0.00000000
  15081.86816406	    118.29240186	    362.13447411	      0.00452402	      0.00000000	      0.00000000
  15581.86816406	    108.46290280	    372.25512587	      0.00503249	      0.00000000	      0.00000000
  16081.86816406	     99.47797501	    382.98100905	      0.00565386	      0.00000000	      0.00000000
  16581.86718750	     91.26728718	    394.06735969	      0.00632182	      0.00000000	      0.00000000
  17081.86718750	     83.76220555	    405.40907581	      0.00698722	      0.00000000	      0.00000000
  17581.86718750	     76.89969628	    417.04957103	      0.00757739	      0.00000000	      0.00000000
  18081.86718750	     70.62525997	    429.33758342	      0.00796708	      0.00000000	      0.00000000
  18581.86718750	     64.89650183	    443.18201328	      0.00803842	      0.00000000	      0.00000000
  19081.86718750	     59.67765722	    458.70573203	      0.00803078	      0.00000000	      0.00000000
  19581.86718750	     54.92733797	    474.84723177	      0.00800957	      0.00000000	      0.00000000
  20081.86718750	     50.59613387	    490.45005686	      0.00799911	      0.00000000	      0.00000000
  20590.05468750	     46.57132674	    505.19756290	      0.00799901	      0.00000000	      0.00000000
  21149.06054688	     42.53124655	    520.62003266	      0.00800091	      0.00000000	      0.00000000
  21763.96679688	     38.50663302	    537.90789232	      0.00800230	      0.00000000	      0.00000000
  22440.36328125	     34.53679830	    558.15450632	      0.00800209	      0.00000000	      0.00000000
  23184.40039062	     30.66543490	    581.87654487	      0.00800062	      0.00000000	      0.00000000
  24002.83984375	     26.93454708	    609.10123404	      0.00799987	      0.00000000	      0.00000000
  24903.12304688	     23.38153690	    639.90307726	      0.00799985	      0.00000000	      0.00000000
  25893.43554688	     20.03985225	    674.88873703	      0.00799987	      0.00000000	      0.00000000
  26982.77929688	     16.94165447	    715.17036176	      0.00800004	      0.00000000	      0.00000000
  10000.00,         64,    1009.32
     25.00000000	   1006.44605853	    296.58054017	     14.09847887	      0.00000000	      0.00000000
     75.00000000	   1000.71646057	    296.50481075	     13.64387728	      0.00000000	      0.00000000
    127.84809875	    994.68426947	    296.53954445	     13.53664532	      0.00000000	      0.00000000
    186.71687317	    987.99596027	    296.58742837	     13.46878701	      0.00000000	      0.00000000
    252.29220581	    980.58448737	    296.64039364	     13.40270258	      0.00000000	      0.00000000
    325.33816528	    972.37661005	    296.69904271	     13.31455390	      0.00000000	      0.00000000
    406.70581055	    963.29289063	    296.77012182	     13.19221631	      0.00000000	      0.00000000
    497.34317017	    953.24766687	    296.86714600	     13.00752342	      0.00000000	      0.00000000
    598.30627441	    942.14926831	    297.01562104	     12.72078774	      0.00000000	      0.00000000
    710.77154541	    929.90072247	    297.26035615	     12.27405207	      0.00000000	      0.00000000
    836.04931641	    916.40080798	    297.63966529	     11.66465721	      0.00000000	      0.00000000
    975.59924316	    901.54434808	    298.14184981	     10.99546669	      0.00000000	      0.00000000
   1131.04724121	    885.22201758	    298.74087392	     10.34383065	      0.00000000	      0.00000000
   1304.20446777	    867.32075739	    299.41901285	      9.72826249	      0.00000000	      0.00000000
   1497.08850098	    847.72507776	    300.16938450	      9.13902668	      0.00000000	      0.00000000
   1711.94665527	    826.31923950	    300.99434863	      8.55989385	      0.00000000	      0.00000000
   1951.28234863	    802.99033301	    301.90655302	      7.97629630	      0.00000000	      0.00000000
   2217.88403320	    777.63245752	    302.92930047	      7.37531609	      0.00000000	      0.00000000
   2514.85815430	    750.15169580	    304.09039944	      6.74276729	      0.00000000	      0.00000000
   2845.66479492	    720.47166083	    305.41445463	      6.06611756	      0.00000000	      0.00000000
   3214.15820312	    688.53968079	    306.92352836	      5.33835323	      0.00000000	      0.00000000
   3624.63183594	    654.33398840	    308.63623432	      4.56274192	      0.00000000	      0.00000000
   4081.86840820	    617.87318677	    310.56199442	      3.76291957	      0.00000000	      0.00000000
   4581.86816406	    579.91820233	    312.63261537	      2.99968365	      0.00000000	      0.00000000
   5081.86816406	    543.87798059	    314.59954044	      2.36076803	      0.00000000	      0.00000000
   5581.86816406	    509.65924170	    316.47822016	      1.82053269	      0.00000000	      0.00000000
   6081.86816406	    477.18170590	    318.28262929	      1.36171964	      0.00000000	      0.00000000
   6581.86816406	    446.36756976	    319.97011215	      0.98921364	      0.00000000	      0.00000000
   7081.86816406	    417.13855640	    321.48068915	      0.70860602	      0.00000000	      0.00000000
   7581.86816406	    389.41780688	    322.79748992	      0.50593888	      0.00000000	      0.00000000
   8081.86816406	    363.13320871	    323.93672833	      0.35866061	      0.00000000	      0.00000000
   8581.86816406	    338.21831812	    324.91634869	      0.24947948	      0.00000000	      0.00000000
   9081.86816406	    314.61158377	    325.74676505	      0.16965441	      0.00000000	      0.00000000
   9581.86816406	    292.25587338	    326.44578015	      0.11375801	      0.00000000	      0.00000000
  10081.86816406	    271.09881628	    327.05008712	      0.07607258	      0.00000000	      0.00000000
  10581.86816406	    251.09334116	    327.61895910	      0.05082384	      0.00000000	      0.00000000
  11081.86816406	    232.19819481	    328.24165332	      0.03356071	      0.00000000	      0.00000000
  11581.86816406	    214.37861758	    329.05106352	      0.02170315	      0.00000000	      0.00000000
  12081.86816406	    197.60740091	    330.24925765	      0.01381555	      0.00000000	      0.00000000
  12581.86816406	    181.86560811	    332.10774465	      0.00893190	      0.00000000	      0.00000000
  13081.86816406	    167.14244606	    334.98036347	      0.00616031	      0.00000000	      0.00000000
  13581.86816406	    153.43353120	    339.27089488	      0.00475061	      0.00000000	      0.00000000
  14081.86816406	    140.73482591	    345.27629586	      0.00423542	      0.00000000	      0.00000000
  14581.86816406	    129.03215262	    352.99924071	      0.00422445	      0.00000000	      0.00000000
  15081.86816406	    118.29240186	    362.13447411	      0.00452402	      0.00000000	      0.00000000
  15581.86816406	    108.46290280	    372.25512587	      0.00503249	      0.00000000	      0.00000000
  16081.86816406	     99.47797501	    382.98100905	      0.00565386	      0.00000000	      0.00000000
  16581.86718750	     91.26728718	    394.06735969	      0.00632182	      0.00000000	      0.00000000
  17081.86718750	     83.76220555	    405.40907581	      0.00698722	      0.00000000	      0.00000000
  17581.86718750	     76.89969628	    417.04957103	      0.00757739	      0.00000000	      0.00000000
  18081.86718750	     70.62525997	    429.33758342	      0.00796708	      0.00000000	      0.00000000
  18581.86718750	     64.89650183	    443.18201328	      0.00803842	      0.00000000	      0.00000000
  19081.86718750	     59.67765722	    458.70573203	      0.00803078	      0.00000000	      0.00000000
  19581.86718750	     54.92733797	    474.84723177	      0.00800957	      0.00000000	      0.00000000
  20081.86718750	     50.59613387	    490.45005686	      0.00799911	      0.00000000	      0.00000000
  20590.05468750	     46.57132674	    505.19756290	      0.00799901	      0.00000000	      0.00000000
  21149.06054688	     42.53124655	    520.62003266	      0.00800091	      0.00000000	      0.00000000
  21763.96679688	     38.50663302	    537.90789232	      0.00800230	      0.00000000	      0.00000000
  22440.36328125	     34.53679830	    558.15450632	      0.00800209	      0.00000000	      0.00000000
  23184.40039062	     30.66543490	    581.87654487	      0.00800062	      0.00000000	      0.00000000
  24002.83984375	     26.93454708	    609.10123404	      0.00799987	      0.00000000	      0.00000000
  24903.12304688	     23.38153690	    639.90307726	      0.00799985	      0.00000000	      0.00000000
  25893.43554688	     20.03985225	    674.88873703	      0.00799987	      0.00000000	      0.00000000
  26982.77929688	     16.94165447	    715.17036176	      0.00800004	      0.00000000	      0.00000000
