      z[m]      p[mb]      tp[K]    q[g/kg]     u[m/s]     v[m/s]
      0.00,         64,    1009.32
     25.00000000	   1006.44570624	    296.57443894	     13.93127030	      0.00000000	      0.00000000
     75.00000000	   1000.71456750	    296.44534532	     13.28940636	      0.00000000	      0.00000000
    127.84809875	    994.67958331	    296.46960574	     13.07880078	      0.00000000	      0.00000000
    186.71687317	    987.98796466	    296.53054324	     12.98606154	      0.00000000	      0.00000000
    252.29220581	    980.57319470	    296.60548021	     12.90589016	      0.00000000	      0.00000000
    325.33816528	    972.36230426	    296.69156860	     12.80510837	      0.00000000	      0.00000000
    406.70581055	    963.27605469	    296.79267419	     12.65993400	      0.00000000	      0.00000000
    497.34317017	    953.22893286	    296.92045565	     12.44919534	      0.00000000	      0.00000000
    598.30627441	    942.12938867	    297.09633815	     12.14461566	      0.00000000	      0.00000000
    710.77154541	    929.88037665	    297.35186767	     11.71711052	      0.00000000	      0.00000000
    836.04931641	    916.38019763	    297.71719546	     11.16811040	      0.00000000	      0.00000000
    975.59924316	    901.52301477	    298.19333664	     10.56147709	      0.00000000	      0.00000000
   1131.04724121	    885.19885199	    298.75851322	      9.96261661	      0.00000000	      0.00000000
   1304.20446777	    867.29408710	    299.40274873	      9.38374364	      0.00000000	      0.00000000
   1497.08850098	    847.69297888	    300.12606407	      8.81150078	      0.00000000	      0.00000000
   1711.94665527	    826.27984515	    300.93358827	      8.22808877	      0.00000000	      0.00000000
   1951.28234863	    802.94183838	    301.83372404	      7.62049680	      0.00000000	      0.00000000
   2217.88403320	    777.57259235	    302.83793692	      6.98219549	      0.00000000	      0.00000000
   2514.85815430	    750.07662506	    303.95924791	      6.30934947	      0.00000000	      0.00000000
   2845.66479492	    720.37483826	    305.21359630	      5.60300543	      0.00000000	      0.00000000
   3214.15820312	    688.41138995	    306.62594246	      4.86236768	      0.00000000	      0.00000000
   3624.63183594	    654.16256421	    308.23818774	      4.08741460	      0.00000000	      0.00000000
   4081.86840820	    617.64854327	    310.09628096	      3.30018051	      0.00000000	      0.00000000
   4581.86816406	    579.63725897	    312.15777473	      2.56192926	      0.00000000	      0.00000000
   5081.86816406	    543.54892218	    314.15744260	      1.94528091	      0.00000000	      0.00000000
   5581.86816406	    509.29110745	    316.05417655	      1.44347921	      0.00000000	      0.00000000
   6081.86816406	    476.78042273	    317.83934695	      1.04835298	      0.00000000	      0.00000000
   6581.86816406	    445.93621884	    319.48739574	      0.75229888	      0.00000000	      0.00000000
   7081.86816406	    416.67907401	    320.95371585	      0.54018724	      0.00000000	      0.00000000
   7581.86816406	    388.93160352	    322.22181636	      0.38697940	      0.00000000	      0.00000000
   8081.86816406	    362.62100073	    323.30129357	      0.27643306	      0.00000000	      0.00000000
   8581.86816406	    337.68054889	    324.22132320	      0.19693749	      0.00000000	      0.00000000
   9081.86816406	    314.04987885	    325.01819208	      0.13972781	      0.00000000	      0.00000000
   9581.86816406	    291.67423401	    325.72655145	      0.09775864	      0.00000000	      0.00000000
  10081.86816406	    270.50356754	    326.38069040	      0.06674335	      0.00000000	      0.00000000
  10581.86816406	    250.49234203	    327.03334203	      0.04449110	      0.00000000	      0.00000000
  11081.86816406	    231.60077206	    327.79229381	      0.02911279	      0.00000000	      0.00000000
  11581.86816406	    213.79709338	    328.84800324	      0.01867454	      0.00000000	      0.00000000
  12081.86816406	    197.05962578	    330.48769560	      0.01186663	      0.00000000	      0.00000000
  12581.86816406	    181.37648210	    333.04752214	      0.00793772	      0.00000000	      0.00000000
  13081.86816406	    166.74158644	    336.84249482	      0.00607742	      0.00000000	      0.00000000
  13581.86816406	    153.14712372	    342.04953954	      0.00533534	      0.00000000	      0.00000000
  14081.86816406	    140.57547835	    348.67617716	      0.00504777	      0.00000000	      0.00000000
  14581.86816406	    128.99455827	    356.57925473	      0.00495840	      0.00000000	      0.00000000
  15081.86816406	    118.35742633	    365.51280104	      0.00497262	      0.00000000	      0.00000000
  15581.86816406	    108.60661556	    375.28920805	      0.00503661	      0.00000000	      0.00000000
  16081.86816406	     99.67943244	    385.73267478	      0.00510783	      0.00000000	      0.00000000
  16581.86718750	     91.51105922	    396.64402681	      0.00516056	      0.00000000	      0.00000000
  17081.86718750	     84.03692638	    407.84265784	      0.00518769	      0.00000000	      0.00000000
  17581.86718750	     77.19494714	    419.17262629	      0.00519666	      0.00000000	      0.00000000
  18081.86718750	     70.93045905	    431.01875747	      0.00519725	      0.00000000	      0.00000000
  18581.86718750	     65.20828792	    445.35824796	      0.00519530	      0.00000000	      0.00000000
  19081.86718750	     60.00486068	    462.55906991	      0.00519334	      0.00000000	      0.00000000
  19581.86718750	     55.28239000	    480.53992913	      0.00519208	      0.00000000	      0.00000000
  20081.86718750	     50.98468581	    497.20276751	      0.00519122	      0.00000000	      0.00000000
  20590.05468750	     46.99008977	    511.92428005	      0.00519044	      0.00000000	      0.00000000
  21149.06054688	     42.97186499	    526.55682958	      0.00518973	      0.00000000	      0.00000000
  21763.96679688	     38.95756269	    543.00410793	      0.00518923	      0.00000000	      0.00000000
  22440.36328125	     34.98822580	    562.84660082	      0.00518893	      0.00000000	      0.00000000
  23184.40039062	     31.11107933	    586.65589103	      0.00518879	      0.00000000	      0.00000000
  24002.83984375	     27.37080696	    614.31680409	      0.00518875	      0.00000000	      0.00000000
  24903.12304688	     23.80648227	    645.94270213	      0.00518874	      0.00000000	      0.00000000
  25893.43554688	     20.45294642	    682.27540975	      0.00518875	      0.00000000	      0.00000000
  26982.77929688	     17.34243959	    724.07681548	      0.00518876	      0.00000000	      0.00000000
  10000.00,         64,    1009.32
     25.00000000	   1006.44570624	    296.57443894	     13.93127030	      0.00000000	      0.00000000
     75.00000000	   1000.71456750	    296.44534532	     13.28940636	      0.00000000	      0.00000000
    127.84809875	    994.67958331	    296.46960574	     13.07880078	      0.00000000	      0.00000000
    186.71687317	    987.98796466	    296.53054324	     12.98606154	      0.00000000	      0.00000000
    252.29220581	    980.57319470	    296.60548021	     12.90589016	      0.00000000	      0.00000000
    325.33816528	    972.36230426	    296.69156860	     12.80510837	      0.00000000	      0.00000000
    406.70581055	    963.27605469	    296.79267419	     12.65993400	      0.00000000	      0.00000000
    497.34317017	    953.22893286	    296.92045565	     12.44919534	      0.00000000	      0.00000000
    598.30627441	    942.12938867	    297.09633815	     12.14461566	      0.00000000	      0.00000000
    710.77154541	    929.88037665	    297.35186767	     11.71711052	      0.00000000	      0.00000000
    836.04931641	    916.38019763	    297.71719546	     11.16811040	      0.00000000	      0.00000000
    975.59924316	    901.52301477	    298.19333664	     10.56147709	      0.00000000	      0.00000000
   1131.04724121	    885.19885199	    298.75851322	      9.96261661	      0.00000000	      0.00000000
   1304.20446777	    867.29408710	    299.40274873	      9.38374364	      0.00000000	      0.00000000
   1497.08850098	    847.69297888	    300.12606407	      8.81150078	      0.00000000	      0.00000000
   1711.94665527	    826.27984515	    300.93358827	      8.22808877	      0.00000000	      0.00000000
   1951.28234863	    802.94183838	    301.83372404	      7.62049680	      0.00000000	      0.00000000
   2217.88403320	    777.57259235	    302.83793692	      6.98219549	      0.00000000	      0.00000000
   2514.85815430	    750.07662506	    303.95924791	      6.30934947	      0.00000000	      0.00000000
   2845.66479492	    720.37483826	    305.21359630	      5.60300543	      0.00000000	      0.00000000
   3214.15820312	    688.41138995	    306.62594246	      4.86236768	      0.00000000	      0.00000000
   3624.63183594	    654.16256421	    308.23818774	      4.08741460	      0.00000000	      0.00000000
   4081.86840820	    617.64854327	    310.09628096	      3.30018051	      0.00000000	      0.00000000
   4581.86816406	    579.63725897	    312.15777473	      2.56192926	      0.00000000	      0.00000000
   5081.86816406	    543.54892218	    314.15744260	      1.94528091	      0.00000000	      0.00000000
   5581.86816406	    509.29110745	    316.05417655	      1.44347921	      0.00000000	      0.00000000
   6081.86816406	    476.78042273	    317.83934695	      1.04835298	      0.00000000	      0.00000000
   6581.86816406	    445.93621884	    319.48739574	      0.75229888	      0.00000000	      0.00000000
   7081.86816406	    416.67907401	    320.95371585	      0.54018724	      0.00000000	      0.00000000
   7581.86816406	    388.93160352	    322.22181636	      0.38697940	      0.00000000	      0.00000000
   8081.86816406	    362.62100073	    323.30129357	      0.27643306	      0.00000000	      0.00000000
   8581.86816406	    337.68054889	    324.22132320	      0.19693749	      0.00000000	      0.00000000
   9081.86816406	    314.04987885	    325.01819208	      0.13972781	      0.00000000	      0.00000000
   9581.86816406	    291.67423401	    325.72655145	      0.09775864	      0.00000000	      0.00000000
  10081.86816406	    270.50356754	    326.38069040	      0.06674335	      0.00000000	      0.00000000
  10581.86816406	    250.49234203	    327.03334203	      0.04449110	      0.00000000	      0.00000000
  11081.86816406	    231.60077206	    327.79229381	      0.02911279	      0.00000000	      0.00000000
  11581.86816406	    213.79709338	    328.84800324	      0.01867454	      0.00000000	      0.00000000
  12081.86816406	    197.05962578	    330.48769560	      0.01186663	      0.00000000	      0.00000000
  12581.86816406	    181.37648210	    333.04752214	      0.00793772	      0.00000000	      0.00000000
  13081.86816406	    166.74158644	    336.84249482	      0.00607742	      0.00000000	      0.00000000
  13581.86816406	    153.14712372	    342.04953954	      0.00533534	      0.00000000	      0.00000000
  14081.86816406	    140.57547835	    348.67617716	      0.00504777	      0.00000000	      0.00000000
  14581.86816406	    128.99455827	    356.57925473	      0.00495840	      0.00000000	      0.00000000
  15081.86816406	    118.35742633	    365.51280104	      0.00497262	      0.00000000	      0.00000000
  15581.86816406	    108.60661556	    375.28920805	      0.00503661	      0.00000000	      0.00000000
  16081.86816406	     99.67943244	    385.73267478	      0.00510783	      0.00000000	      0.00000000
  16581.86718750	     91.51105922	    396.64402681	      0.00516056	      0.00000000	      0.00000000
  17081.86718750	     84.03692638	    407.84265784	      0.00518769	      0.00000000	      0.00000000
  17581.86718750	     77.19494714	    419.17262629	      0.00519666	      0.00000000	      0.00000000
  18081.86718750	     70.93045905	    431.01875747	      0.00519725	      0.00000000	      0.00000000
  18581.86718750	     65.20828792	    445.35824796	      0.00519530	      0.00000000	      0.00000000
  19081.86718750	     60.00486068	    462.55906991	      0.00519334	      0.00000000	      0.00000000
  19581.86718750	     55.28239000	    480.53992913	      0.00519208	      0.00000000	      0.00000000
  20081.86718750	     50.98468581	    497.20276751	      0.00519122	      0.00000000	      0.00000000
  20590.05468750	     46.99008977	    511.92428005	      0.00519044	      0.00000000	      0.00000000
  21149.06054688	     42.97186499	    526.55682958	      0.00518973	      0.00000000	      0.00000000
  21763.96679688	     38.95756269	    543.00410793	      0.00518923	      0.00000000	      0.00000000
  22440.36328125	     34.98822580	    562.84660082	      0.00518893	      0.00000000	      0.00000000
  23184.40039062	     31.11107933	    586.65589103	      0.00518879	      0.00000000	      0.00000000
  24002.83984375	     27.37080696	    614.31680409	      0.00518875	      0.00000000	      0.00000000
  24903.12304688	     23.80648227	    645.94270213	      0.00518874	      0.00000000	      0.00000000
  25893.43554688	     20.45294642	    682.27540975	      0.00518875	      0.00000000	      0.00000000
  26982.77929688	     17.34243959	    724.07681548	      0.00518876	      0.00000000	      0.00000000
