      z[m]      p[mb]      tp[K]    q[g/kg]     u[m/s]     v[m/s]
      0.00,         64,    1009.32
     25.00000000	   1006.46615247	    298.31017168	     16.09223415	      0.00000000	      0.00000000
     75.00000000	   1000.77703760	    298.27628799	     15.72854378	      0.00000000	      0.00000000
    127.84809875	    994.78805438	    298.31994743	     15.67163015	      0.00000000	      0.00000000
    186.71687317	    988.14760883	    298.36492808	     15.60975443	      0.00000000	      0.00000000
    252.29220581	    980.78880762	    298.41276501	     15.54344718	      0.00000000	      0.00000000
    325.33816528	    972.63874341	    298.46589920	     15.44420671	      0.00000000	      0.00000000
    406.70581055	    963.61836450	    298.53434895	     15.30001208	      0.00000000	      0.00000000
    497.34317017	    953.64250189	    298.63674724	     15.07085003	      0.00000000	      0.00000000
    598.30627441	    942.62018188	    298.80850974	     14.70176484	      0.00000000	      0.00000000
    710.77154541	    930.45549231	    299.10066803	     14.14235203	      0.00000000	      0.00000000
    836.04931641	    917.04823193	    299.52344880	     13.46601694	      0.00000000	      0.00000000
    975.59924316	    902.29371906	    300.05089463	     12.78823887	      0.00000000	      0.00000000
   1131.04724121	    886.08269666	    300.66182055	     12.15022379	      0.00000000	      0.00000000
   1304.20446777	    868.30215125	    301.35176647	     11.53482007	      0.00000000	      0.00000000
   1497.08850098	    848.83696747	    302.12751301	     10.91064998	      0.00000000	      0.00000000
   1711.94665527	    827.57214178	    302.99579527	     10.25828439	      0.00000000	      0.00000000
   1951.28234863	    804.39531952	    303.96041877	      9.57515545	      0.00000000	      0.00000000
   2217.88403320	    779.20032819	    305.03158476	      8.86532783	      0.00000000	      0.00000000
   2514.85815430	    751.89220856	    306.23563062	      8.12844935	      0.00000000	      0.00000000
   2845.66479492	    722.39349927	    307.60608532	      7.35736783	      0.00000000	      0.00000000
   3214.15820313	    690.65034698	    309.16316246	      6.54872430	      0.00000000	      0.00000000
   3624.63183594	    656.63898859	    310.92240835	      5.70526197	      0.00000000	      0.00000000
   4081.86840820	    620.37592261	    312.91120183	      4.83203123	      0.00000000	      0.00000000
   4581.86816406	    582.61892206	    315.10601595	      3.96321683	      0.00000000	      0.00000000
   5081.86816406	    546.76328265	    317.24427247	      3.21189586	      0.00000000	      0.00000000
   5581.86816406	    512.71711053	    319.27495716	      2.58297321	      0.00000000	      0.00000000
   6081.86816406	    480.39862024	    321.22455895	      2.04345808	      0.00000000	      0.00000000
   6581.86816406	    449.73233740	    323.12167360	      1.56703042	      0.00000000	      0.00000000
   7081.86816406	    420.64576419	    324.92860381	      1.16239574	      0.00000000	      0.00000000
   7581.86816406	    393.06509930	    326.56393785	      0.84501533	      0.00000000	      0.00000000
   8081.86816406	    366.91648312	    327.99659134	      0.60674002	      0.00000000	      0.00000000
   8581.86816406	    342.12995514	    329.23605999	      0.42894958	      0.00000000	      0.00000000
   9081.86816406	    318.64074298	    330.29423173	      0.29652010	      0.00000000	      0.00000000
   9581.86816406	    296.38866910	    331.17710499	      0.20051656	      0.00000000	      0.00000000
  10081.86816406	    275.31812521	    331.90909686	      0.13333220	      0.00000000	      0.00000000
  10581.86816406	    255.37872418	    332.53639724	      0.08769838	      0.00000000	      0.00000000
  11081.86816406	    236.52558685	    333.12287281	      0.05721523	      0.00000000	      0.00000000
  11581.86816406	    218.71929034	    333.75157288	      0.03691053	      0.00000000	      0.00000000
  12081.86816406	    201.92593463	    334.53691263	      0.02350947	      0.00000000	      0.00000000
  12581.86816406	    186.11775266	    335.65073535	      0.01485566	      0.00000000	      0.00000000
  13081.86816406	    171.27413837	    337.34615964	      0.00948817	      0.00000000	      0.00000000
  13581.86816406	    157.38292924	    339.99944442	      0.00637412	      0.00000000	      0.00000000
  14081.86816406	    144.43989473	    344.05764769	      0.00475886	      0.00000000	      0.00000000
  14581.86816406	    132.44273238	    349.84768362	      0.00410371	      0.00000000	      0.00000000
  15081.86816406	    121.38048488	    357.39955241	      0.00402210	      0.00000000	      0.00000000
  15581.86816406	    111.22504631	    366.45243212	      0.00429351	      0.00000000	      0.00000000
  16081.86816406	    101.92997002	    376.59928766	      0.00481699	      0.00000000	      0.00000000
  16581.86718750	     93.43557408	    387.43771115	      0.00546896	      0.00000000	      0.00000000
  17081.86718750	     85.67641778	    398.69408061	      0.00613889	      0.00000000	      0.00000000
  17581.86718750	     78.58834700	    410.30033491	      0.00672045	      0.00000000	      0.00000000
  18081.86718750	     72.11411504	    422.54266542	      0.00709708	      0.00000000	      0.00000000
  18581.86718750	     66.20653943	    435.99984144	      0.00719374	      0.00000000	      0.00000000
  19081.86718750	     60.82348408	    450.63043069	      0.00719191	      0.00000000	      0.00000000
  19581.86718750	     55.91945926	    465.65116548	      0.00718078	      0.00000000	      0.00000000
  20081.86718750	     51.44527048	    480.39249530	      0.00717689	      0.00000000	      0.00000000
  20590.05468750	     47.28929817	    494.90773602	      0.00717723	      0.00000000	      0.00000000
  21149.06054688	     43.12442382	    510.61490076	      0.00717893	      0.00000000	      0.00000000
  21763.96679688	     38.98478066	    528.20370192	      0.00718097	      0.00000000	      0.00000000
  22440.36328125	     34.90948317	    548.35954191	      0.00718244	      0.00000000	      0.00000000
  23184.40039063	     30.94074749	    571.56921956	      0.00718296	      0.00000000	      0.00000000
  24002.83984375	     27.12017342	    598.06715704	      0.00718310	      0.00000000	      0.00000000
  24903.12304688	     23.48625051	    628.12638669	      0.00718312	      0.00000000	      0.00000000
  25893.43554688	     20.07393488	    662.35171592	      0.00718312	      0.00000000	      0.00000000
  26982.77929688	     16.91648596	    701.79081335	      0.00718308	      0.00000000	      0.00000000
  10000.00,         64,    1009.32
     25.00000000	   1006.46615247	    298.31017168	     16.09223415	      0.00000000	      0.00000000
     75.00000000	   1000.77703760	    298.27628799	     15.72854378	      0.00000000	      0.00000000
    127.84809875	    994.78805438	    298.31994743	     15.67163015	      0.00000000	      0.00000000
    186.71687317	    988.14760883	    298.36492808	     15.60975443	      0.00000000	      0.00000000
    252.29220581	    980.78880762	    298.41276501	     15.54344718	      0.00000000	      0.00000000
    325.33816528	    972.63874341	    298.46589920	     15.44420671	      0.00000000	      0.00000000
    406.70581055	    963.61836450	    298.53434895	     15.30001208	      0.00000000	      0.00000000
    497.34317017	    953.64250189	    298.63674724	     15.07085003	      0.00000000	      0.00000000
    598.30627441	    942.62018188	    298.80850974	     14.70176484	      0.00000000	      0.00000000
    710.77154541	    930.45549231	    299.10066803	     14.14235203	      0.00000000	      0.00000000
    836.04931641	    917.04823193	    299.52344880	     13.46601694	      0.00000000	      0.00000000
    975.59924316	    902.29371906	    300.05089463	     12.78823887	      0.00000000	      0.00000000
   1131.04724121	    886.08269666	    300.66182055	     12.15022379	      0.00000000	      0.00000000
   1304.20446777	    868.30215125	    301.35176647	     11.53482007	      0.00000000	      0.00000000
   1497.08850098	    848.83696747	    302.12751301	     10.91064998	      0.00000000	      0.00000000
   1711.94665527	    827.57214178	    302.99579527	     10.25828439	      0.00000000	      0.00000000
   1951.28234863	    804.39531952	    303.96041877	      9.57515545	      0.00000000	      0.00000000
   2217.88403320	    779.20032819	    305.03158476	      8.86532783	      0.00000000	      0.00000000
   2514.85815430	    751.89220856	    306.23563062	      8.12844935	      0.00000000	      0.00000000
   2845.66479492	    722.39349927	    307.60608532	      7.35736783	      0.00000000	      0.00000000
   3214.15820313	    690.65034698	    309.16316246	      6.54872430	      0.00000000	      0.00000000
   3624.63183594	    656.63898859	    310.92240835	      5.70526197	      0.00000000	      0.00000000
   4081.86840820	    620.37592261	    312.91120183	      4.83203123	      0.00000000	      0.00000000
   4581.86816406	    582.61892206	    315.10601595	      3.96321683	      0.00000000	      0.00000000
   5081.86816406	    546.76328265	    317.24427247	      3.21189586	      0.00000000	      0.00000000
   5581.86816406	    512.71711053	    319.27495716	      2.58297321	      0.00000000	      0.00000000
   6081.86816406	    480.39862024	    321.22455895	      2.04345808	      0.00000000	      0.00000000
   6581.86816406	    449.73233740	    323.12167360	      1.56703042	      0.00000000	      0.00000000
   7081.86816406	    420.64576419	    324.92860381	      1.16239574	      0.00000000	      0.00000000
   7581.86816406	    393.06509930	    326.56393785	      0.84501533	      0.00000000	      0.00000000
   8081.86816406	    366.91648312	    327.99659134	      0.60674002	      0.00000000	      0.00000000
   8581.86816406	    342.12995514	    329.23605999	      0.42894958	      0.00000000	      0.00000000
   9081.86816406	    318.64074298	    330.29423173	      0.29652010	      0.00000000	      0.00000000
   9581.86816406	    296.38866910	    331.17710499	      0.20051656	      0.00000000	      0.00000000
  10081.86816406	    275.31812521	    331.90909686	      0.13333220	      0.00000000	      0.00000000
  10581.86816406	    255.37872418	    332.53639724	      0.08769838	      0.00000000	      0.00000000
  11081.86816406	    236.52558685	    333.12287281	      0.05721523	      0.00000000	      0.00000000
  11581.86816406	    218.71929034	    333.75157288	      0.03691053	      0.00000000	      0.00000000
  12081.86816406	    201.92593463	    334.53691263	      0.02350947	      0.00000000	      0.00000000
  12581.86816406	    186.11775266	    335.65073535	      0.01485566	      0.00000000	      0.00000000
  13081.86816406	    171.27413837	    337.34615964	      0.00948817	      0.00000000	      0.00000000
  13581.86816406	    157.38292924	    339.99944442	      0.00637412	      0.00000000	      0.00000000
  14081.86816406	    144.43989473	    344.05764769	      0.00475886	      0.00000000	      0.00000000
  14581.86816406	    132.44273238	    349.84768362	      0.00410371	      0.00000000	      0.00000000
  15081.86816406	    121.38048488	    357.39955241	      0.00402210	      0.00000000	      0.00000000
  15581.86816406	    111.22504631	    366.45243212	      0.00429351	      0.00000000	      0.00000000
  16081.86816406	    101.92997002	    376.59928766	      0.00481699	      0.00000000	      0.00000000
  16581.86718750	     93.43557408	    387.43771115	      0.00546896	      0.00000000	      0.00000000
  17081.86718750	     85.67641778	    398.69408061	      0.00613889	      0.00000000	      0.00000000
  17581.86718750	     78.58834700	    410.30033491	      0.00672045	      0.00000000	      0.00000000
  18081.86718750	     72.11411504	    422.54266542	      0.00709708	      0.00000000	      0.00000000
  18581.86718750	     66.20653943	    435.99984144	      0.00719374	      0.00000000	      0.00000000
  19081.86718750	     60.82348408	    450.63043069	      0.00719191	      0.00000000	      0.00000000
  19581.86718750	     55.91945926	    465.65116548	      0.00718078	      0.00000000	      0.00000000
  20081.86718750	     51.44527048	    480.39249530	      0.00717689	      0.00000000	      0.00000000
  20590.05468750	     47.28929817	    494.90773602	      0.00717723	      0.00000000	      0.00000000
  21149.06054688	     43.12442382	    510.61490076	      0.00717893	      0.00000000	      0.00000000
  21763.96679688	     38.98478066	    528.20370192	      0.00718097	      0.00000000	      0.00000000
  22440.36328125	     34.90948317	    548.35954191	      0.00718244	      0.00000000	      0.00000000
  23184.40039063	     30.94074749	    571.56921956	      0.00718296	      0.00000000	      0.00000000
  24002.83984375	     27.12017342	    598.06715704	      0.00718310	      0.00000000	      0.00000000
  24903.12304688	     23.48625051	    628.12638669	      0.00718312	      0.00000000	      0.00000000
  25893.43554688	     20.07393488	    662.35171592	      0.00718312	      0.00000000	      0.00000000
  26982.77929688	     16.91648596	    701.79081335	      0.00718308	      0.00000000	      0.00000000
