  z[m] p[mb] tpls[K/s] qls[kg/kg/s] uls_hor vls_hor wls[m/s]
      0.00,         64,    1009.32
     25.00000000,    1006.45092773,   0.00000000e+00,   0.00000000e+00,       0.03335883,       0.00000000,       0.00000000
     75.00000000,    1000.73083496,   0.00000000e+00,   0.00000000e+00,       0.09948645,       0.00000000,       0.00000000
    127.84810638,     994.70782471,   0.00000000e+00,   0.00000000e+00,       0.16856154,       0.00000000,       0.00000000
    186.71687317,     988.02886963,   0.00000000e+00,   0.00000000e+00,       0.24448255,       0.00000000,       0.00000000
    252.29222107,     980.62695312,   0.00000000e+00,   0.00000000e+00,       0.32776185,       0.00000000,       0.00000000
    325.33816528,     972.42883301,   0.00000000e+00,   0.00000000e+00,       0.41891613,       0.00000000,       0.00000000
    406.70581055,     963.35498047,   0.00000000e+00,   0.00000000e+00,       0.51844563,       0.00000000,       0.00000000
    497.34317017,     953.31964111,   0.00000000e+00,   0.00000000e+00,       0.62678243,       0.00000000,       0.00000000
    598.30627441,     942.23065186,   0.00000000e+00,   0.00000000e+00,       0.74429247,       0.00000000,       0.00000000
    710.77154541,     929.99029541,   0.00000000e+00,   0.00000000e+00,       0.87121082,       0.00000000,       0.00000000
    836.04931641,     916.49822998,   0.00000000e+00,   0.00000000e+00,       1.00753365,       0.00000000,       0.00000000
    975.59924316,     901.65618896,   0.00000000e+00,   0.00000000e+00,       1.15297010,       0.00000000,       0.00000000
   1131.04724121,     885.36767578,   0.00000000e+00,   0.00000000e+00,       1.30681164,       0.00000000,       0.00000000
   1304.20446777,     867.52832031,   0.00000000e+00,   0.00000000e+00,       1.46790476,       0.00000000,       0.00000000
   1497.08850098,     848.02282715,   0.00000000e+00,   0.00000000e+00,       1.63450999,       0.00000000,       0.00000000
   1711.94665527,     826.73388672,   0.00000000e+00,   0.00000000e+00,       1.80408846,       0.00000000,       0.00000000
   1951.28234863,     803.54779053,   0.00000000e+00,   0.00000000e+00,       1.97295134,       0.00000000,       0.00000000
   2217.88403320,     778.35876465,   0.00000000e+00,   0.00000000e+00,       2.13589644,       0.00000000,       0.00000000
   2514.85815430,     751.07373047,   0.00000000e+00,   0.00000000e+00,       2.27762162,       0.00000000,       0.00000000
   2845.66479492,     721.61682129,   0.00000000e+00,   0.00000000e+00,       2.30176725,       0.00000000,       0.00000000
   3214.15820312,     689.93408203,   0.00000000e+00,   0.00000000e+00,       2.14788536,       0.00000000,       0.00000000
   3624.63183594,     656.00354004,   0.00000000e+00,   0.00000000e+00,       1.78112446,       0.00000000,       0.00000000
   4081.86816406,     619.84558105,   0.00000000e+00,   0.00000000e+00,       1.27483966,       0.00000000,       0.00000000
   4581.86816406,     582.21405029,   0.00000000e+00,   0.00000000e+00,       0.69692706,       0.00000000,       0.00000000
   5081.86816406,     546.48333740,   0.00000000e+00,   0.00000000e+00,       0.12462160,       0.00000000,       0.00000000
   5581.86816406,     512.55688477,   0.00000000e+00,   0.00000000e+00,      -0.47121673,       0.00000000,       0.00000000
   6081.86816406,     480.35733032,   0.00000000e+00,   0.00000000e+00,      -1.08857116,       0.00000000,       0.00000000
   6581.86816406,     449.81628418,   0.00000000e+00,   0.00000000e+00,      -1.72691723,       0.00000000,       0.00000000
   7081.86816406,     420.86700439,   0.00000000e+00,   0.00000000e+00,      -2.38708557,       0.00000000,       0.00000000
   7581.86816406,     393.43176270,   0.00000000e+00,   0.00000000e+00,      -3.07030110,       0.00000000,       0.00000000
   8081.86816406,     367.41848755,   0.00000000e+00,   0.00000000e+00,      -3.77808338,       0.00000000,       0.00000000
   8581.86816406,     342.74417114,   0.00000000e+00,   0.00000000e+00,      -4.51203188,       0.00000000,       0.00000000
   9081.86816406,     319.35198975,   0.00000000e+00,   0.00000000e+00,      -5.27370267,       0.00000000,       0.00000000
   9581.86816406,     297.19577026,   0.00000000e+00,   0.00000000e+00,      -6.06461643,       0.00000000,       0.00000000
  10081.86816406,     276.22433472,   0.00000000e+00,   0.00000000e+00,      -6.87287245,       0.00000000,       0.00000000
  10581.86816406,     256.38446045,   0.00000000e+00,   0.00000000e+00,      -7.68039001,       0.00000000,       0.00000000
  11081.86816406,     237.62724304,   0.00000000e+00,   0.00000000e+00,      -8.48678186,       0.00000000,       0.00000000
  11581.86816406,     219.91378784,   0.00000000e+00,   0.00000000e+00,      -9.29157728,       0.00000000,       0.00000000
  12081.86816406,     203.21887207,   0.00000000e+00,   0.00000000e+00,     -10.09397567,       0.00000000,       0.00000000
  12581.86816406,     187.52583313,   0.00000000e+00,   0.00000000e+00,     -10.89258465,       0.00000000,       0.00000000
  13081.86816406,     172.82218933,   0.00000000e+00,   0.00000000e+00,     -11.68523360,       0.00000000,       0.00000000
  13581.86816406,     159.09626770,   0.00000000e+00,   0.00000000e+00,     -12.45597885,       0.00000000,       0.00000000
  14081.86816406,     146.33512878,   0.00000000e+00,   0.00000000e+00,     -12.75449681,       0.00000000,       0.00000000
  14581.86816406,     134.52653503,   0.00000000e+00,   0.00000000e+00,     -12.35000201,       0.00000000,       0.00000000
  15081.86816406,     123.64253235,   0.00000000e+00,   0.00000000e+00,     -11.31964053,       0.00000000,       0.00000000
  15581.86816406,     113.63276672,   0.00000000e+00,   0.00000000e+00,      -9.70562127,       0.00000000,       0.00000000
  16081.86718750,     104.43936157,   0.00000000e+00,   0.00000000e+00,      -7.77987429,       0.00000000,       0.00000000
  16581.86718750,      96.00336456,   0.00000000e+00,   0.00000000e+00,      -6.11784543,       0.00000000,       0.00000000
  17081.86718750,      88.26238251,   0.00000000e+00,   0.00000000e+00,      -4.73605987,       0.00000000,       0.00000000
  17581.86718750,      81.15601349,   0.00000000e+00,   0.00000000e+00,      -3.62434170,       0.00000000,       0.00000000
  18081.86718750,      74.64152527,   0.00000000e+00,   0.00000000e+00,      -2.68759455,       0.00000000,       0.00000000
  18581.86718750,      68.68764496,   0.00000000e+00,   0.00000000e+00,      -1.89914082,       0.00000000,       0.00000000
  19081.86718750,      63.25405502,   0.00000000e+00,   0.00000000e+00,      -1.25771172,       0.00000000,       0.00000000
  19581.86718750,      58.29274750,   0.00000000e+00,   0.00000000e+00,      -0.75927564,       0.00000000,       0.00000000
  20081.86718750,      53.75481415,   0.00000000e+00,   0.00000000e+00,      -0.39950025,       0.00000000,       0.00000000
  20590.05468750,      49.52764511,   0.00000000e+00,   0.00000000e+00,      -0.17243566,       0.00000000,       0.00000000
  21149.06054688,      45.27858353,   0.00000000e+00,   0.00000000e+00,      -0.08026682,       0.00000000,       0.00000000
  21763.96679688,      41.04267120,   0.00000000e+00,   0.00000000e+00,      -0.05267068,       0.00000000,       0.00000000
  22440.36328125,      36.86006165,   0.00000000e+00,   0.00000000e+00,      -0.02855529,       0.00000000,       0.00000000
  23184.40039062,      32.77319336,   0.00000000e+00,   0.00000000e+00,      -0.00946228,       0.00000000,       0.00000000
  24002.83984375,      28.82391167,   0.00000000e+00,   0.00000000e+00,       0.00000000,       0.00000000,       0.00000000
  24903.12304688,      25.05172920,   0.00000000e+00,   0.00000000e+00,       0.00000000,       0.00000000,       0.00000000
  25893.43554688,      21.49361038,   0.00000000e+00,   0.00000000e+00,       0.00000000,       0.00000000,       0.00000000
  26982.77929688,      18.18552399,   0.00000000e+00,   0.00000000e+00,       0.00000000,       0.00000000,       0.00000000
  10000.00,         64,    1009.32
     25.00000000,    1006.45092773,   0.00000000e+00,   0.00000000e+00,       0.03335883,       0.00000000,       0.00000000
     75.00000000,    1000.73083496,   0.00000000e+00,   0.00000000e+00,       0.09948645,       0.00000000,       0.00000000
    127.84810638,     994.70782471,   0.00000000e+00,   0.00000000e+00,       0.16856154,       0.00000000,       0.00000000
    186.71687317,     988.02886963,   0.00000000e+00,   0.00000000e+00,       0.24448255,       0.00000000,       0.00000000
    252.29222107,     980.62695312,   0.00000000e+00,   0.00000000e+00,       0.32776185,       0.00000000,       0.00000000
    325.33816528,     972.42883301,   0.00000000e+00,   0.00000000e+00,       0.41891613,       0.00000000,       0.00000000
    406.70581055,     963.35498047,   0.00000000e+00,   0.00000000e+00,       0.51844563,       0.00000000,       0.00000000
    497.34317017,     953.31964111,   0.00000000e+00,   0.00000000e+00,       0.62678243,       0.00000000,       0.00000000
    598.30627441,     942.23065186,   0.00000000e+00,   0.00000000e+00,       0.74429247,       0.00000000,       0.00000000
    710.77154541,     929.99029541,   0.00000000e+00,   0.00000000e+00,       0.87121082,       0.00000000,       0.00000000
    836.04931641,     916.49822998,   0.00000000e+00,   0.00000000e+00,       1.00753365,       0.00000000,       0.00000000
    975.59924316,     901.65618896,   0.00000000e+00,   0.00000000e+00,       1.15297010,       0.00000000,       0.00000000
   1131.04724121,     885.36767578,   0.00000000e+00,   0.00000000e+00,       1.30681164,       0.00000000,       0.00000000
   1304.20446777,     867.52832031,   0.00000000e+00,   0.00000000e+00,       1.46790476,       0.00000000,       0.00000000
   1497.08850098,     848.02282715,   0.00000000e+00,   0.00000000e+00,       1.63450999,       0.00000000,       0.00000000
   1711.94665527,     826.73388672,   0.00000000e+00,   0.00000000e+00,       1.80408846,       0.00000000,       0.00000000
   1951.28234863,     803.54779053,   0.00000000e+00,   0.00000000e+00,       1.97295134,       0.00000000,       0.00000000
   2217.88403320,     778.35876465,   0.00000000e+00,   0.00000000e+00,       2.13589644,       0.00000000,       0.00000000
   2514.85815430,     751.07373047,   0.00000000e+00,   0.00000000e+00,       2.27762162,       0.00000000,       0.00000000
   2845.66479492,     721.61682129,   0.00000000e+00,   0.00000000e+00,       2.30176725,       0.00000000,       0.00000000
   3214.15820312,     689.93408203,   0.00000000e+00,   0.00000000e+00,       2.14788536,       0.00000000,       0.00000000
   3624.63183594,     656.00354004,   0.00000000e+00,   0.00000000e+00,       1.78112446,       0.00000000,       0.00000000
   4081.86816406,     619.84558105,   0.00000000e+00,   0.00000000e+00,       1.27483966,       0.00000000,       0.00000000
   4581.86816406,     582.21405029,   0.00000000e+00,   0.00000000e+00,       0.69692706,       0.00000000,       0.00000000
   5081.86816406,     546.48333740,   0.00000000e+00,   0.00000000e+00,       0.12462160,       0.00000000,       0.00000000
   5581.86816406,     512.55688477,   0.00000000e+00,   0.00000000e+00,      -0.47121673,       0.00000000,       0.00000000
   6081.86816406,     480.35733032,   0.00000000e+00,   0.00000000e+00,      -1.08857116,       0.00000000,       0.00000000
   6581.86816406,     449.81628418,   0.00000000e+00,   0.00000000e+00,      -1.72691723,       0.00000000,       0.00000000
   7081.86816406,     420.86700439,   0.00000000e+00,   0.00000000e+00,      -2.38708557,       0.00000000,       0.00000000
   7581.86816406,     393.43176270,   0.00000000e+00,   0.00000000e+00,      -3.07030110,       0.00000000,       0.00000000
   8081.86816406,     367.41848755,   0.00000000e+00,   0.00000000e+00,      -3.77808338,       0.00000000,       0.00000000
   8581.86816406,     342.74417114,   0.00000000e+00,   0.00000000e+00,      -4.51203188,       0.00000000,       0.00000000
   9081.86816406,     319.35198975,   0.00000000e+00,   0.00000000e+00,      -5.27370267,       0.00000000,       0.00000000
   9581.86816406,     297.19577026,   0.00000000e+00,   0.00000000e+00,      -6.06461643,       0.00000000,       0.00000000
  10081.86816406,     276.22433472,   0.00000000e+00,   0.00000000e+00,      -6.87287245,       0.00000000,       0.00000000
  10581.86816406,     256.38446045,   0.00000000e+00,   0.00000000e+00,      -7.68039001,       0.00000000,       0.00000000
  11081.86816406,     237.62724304,   0.00000000e+00,   0.00000000e+00,      -8.48678186,       0.00000000,       0.00000000
  11581.86816406,     219.91378784,   0.00000000e+00,   0.00000000e+00,      -9.29157728,       0.00000000,       0.00000000
  12081.86816406,     203.21887207,   0.00000000e+00,   0.00000000e+00,     -10.09397567,       0.00000000,       0.00000000
  12581.86816406,     187.52583313,   0.00000000e+00,   0.00000000e+00,     -10.89258465,       0.00000000,       0.00000000
  13081.86816406,     172.82218933,   0.00000000e+00,   0.00000000e+00,     -11.68523360,       0.00000000,       0.00000000
  13581.86816406,     159.09626770,   0.00000000e+00,   0.00000000e+00,     -12.45597885,       0.00000000,       0.00000000
  14081.86816406,     146.33512878,   0.00000000e+00,   0.00000000e+00,     -12.75449681,       0.00000000,       0.00000000
  14581.86816406,     134.52653503,   0.00000000e+00,   0.00000000e+00,     -12.35000201,       0.00000000,       0.00000000
  15081.86816406,     123.64253235,   0.00000000e+00,   0.00000000e+00,     -11.31964053,       0.00000000,       0.00000000
  15581.86816406,     113.63276672,   0.00000000e+00,   0.00000000e+00,      -9.70562127,       0.00000000,       0.00000000
  16081.86718750,     104.43936157,   0.00000000e+00,   0.00000000e+00,      -7.77987429,       0.00000000,       0.00000000
  16581.86718750,      96.00336456,   0.00000000e+00,   0.00000000e+00,      -6.11784543,       0.00000000,       0.00000000
  17081.86718750,      88.26238251,   0.00000000e+00,   0.00000000e+00,      -4.73605987,       0.00000000,       0.00000000
  17581.86718750,      81.15601349,   0.00000000e+00,   0.00000000e+00,      -3.62434170,       0.00000000,       0.00000000
  18081.86718750,      74.64152527,   0.00000000e+00,   0.00000000e+00,      -2.68759455,       0.00000000,       0.00000000
  18581.86718750,      68.68764496,   0.00000000e+00,   0.00000000e+00,      -1.89914082,       0.00000000,       0.00000000
  19081.86718750,      63.25405502,   0.00000000e+00,   0.00000000e+00,      -1.25771172,       0.00000000,       0.00000000
  19581.86718750,      58.29274750,   0.00000000e+00,   0.00000000e+00,      -0.75927564,       0.00000000,       0.00000000
  20081.86718750,      53.75481415,   0.00000000e+00,   0.00000000e+00,      -0.39950025,       0.00000000,       0.00000000
  20590.05468750,      49.52764511,   0.00000000e+00,   0.00000000e+00,      -0.17243566,       0.00000000,       0.00000000
  21149.06054688,      45.27858353,   0.00000000e+00,   0.00000000e+00,      -0.08026682,       0.00000000,       0.00000000
  21763.96679688,      41.04267120,   0.00000000e+00,   0.00000000e+00,      -0.05267068,       0.00000000,       0.00000000
  22440.36328125,      36.86006165,   0.00000000e+00,   0.00000000e+00,      -0.02855529,       0.00000000,       0.00000000
  23184.40039062,      32.77319336,   0.00000000e+00,   0.00000000e+00,      -0.00946228,       0.00000000,       0.00000000
  24002.83984375,      28.82391167,   0.00000000e+00,   0.00000000e+00,       0.00000000,       0.00000000,       0.00000000
  24903.12304688,      25.05172920,   0.00000000e+00,   0.00000000e+00,       0.00000000,       0.00000000,       0.00000000
  25893.43554688,      21.49361038,   0.00000000e+00,   0.00000000e+00,       0.00000000,       0.00000000,       0.00000000
  26982.77929688,      18.18552399,   0.00000000e+00,   0.00000000e+00,       0.00000000,       0.00000000,       0.00000000
