  z[m] p[mb] tpls[K/s] qls[kg/kg/s] uls_hor vls_hor wls[m/s]
      0.00,         29,    1009.32
      0086.49869,    -999.00000000,   0.00000000e+00,  -4.24898355e-08,       0.00000000,       0.00000000,       0.00000000
      0308.46164,    -999.00000000,   0.00000000e+00,  -4.18058341e-08,       0.00000000,       0.00000000,       0.00000000
      0534.76550,    -999.00000000,   0.00000000e+00,  -5.69231653e-08,       0.00000000,       0.00000000,       0.00000000
      0765.93153,    -999.00000000,   0.00000000e+00,  -5.80398107e-08,       0.00000000,       0.00000000,       0.00000000
      1002.34673,    -999.00000000,   0.00000000e+00,  -5.18291979e-08,       0.00000000,       0.00000000,       0.00000000
      1244.30311,    -999.00000000,   0.00000000e+00,  -4.60499114e-08,       0.00000000,       0.00000000,       0.00000000
      1492.11444,    -999.00000000,   0.00000000e+00,  -4.15746453e-08,       0.00000000,       0.00000000,       0.00000000
      1746.06642,    -999.00000000,   0.00000000e+00,  -3.72366429e-08,       0.00000000,       0.00000000,       0.00000000
      2006.54083,    -999.00000000,   0.00000000e+00,  -3.20816269e-08,       0.00000000,       0.00000000,       0.00000000
      2273.92745,    -999.00000000,   0.00000000e+00,  -2.63585059e-08,       0.00000000,       0.00000000,       0.00000000
      2548.64617,    -999.00000000,   0.00000000e+00,  -2.10707102e-08,       0.00000000,       0.00000000,       0.00000000
      3121.85644,    -999.00000000,   0.00000000e+00,  -1.27109820e-08,       0.00000000,       0.00000000,       0.00000000
      3730.11646,    -999.00000000,   0.00000000e+00,  -7.99577287e-09,       0.00000000,       0.00000000,       0.00000000
      4378.12253,    -999.00000000,   0.00000000e+00,  -1.08053155e-08,       0.00000000,       0.00000000,       0.00000000
      5073.17215,    -999.00000000,   0.00000000e+00,  -8.32477510e-09,       0.00000000,       0.00000000,       0.00000000
      5823.67210,    -999.00000000,   0.00000000e+00,  -4.22947744e-09,       0.00000000,       0.00000000,       0.00000000
      6639.39119,    -999.00000000,   0.00000000e+00,  -2.38286941e-09,       0.00000000,       0.00000000,       0.00000000
      7533.37559,    -999.00000000,   0.00000000e+00,  -1.07337873e-09,       0.00000000,       0.00000000,       0.00000000
      8522.64521,    -999.00000000,   0.00000000e+00,  -3.35200379e-10,       0.00000000,       0.00000000,       0.00000000
      9630.44400,    -999.00000000,   0.00000000e+00,   1.76488727e-10,       0.00000000,       0.00000000,       0.00000000
     10891.39587,    -999.00000000,   0.00000000e+00,   5.97713427e-10,       0.00000000,       0.00000000,       0.00000000
     11595.16198,    -999.00000000,   0.00000000e+00,   5.75791945e-10,       0.00000000,       0.00000000,       0.00000000
     12360.33899,    -999.00000000,   0.00000000e+00,   3.89423265e-10,       0.00000000,       0.00000000,       0.00000000
     13200.78907,    -999.00000000,   0.00000000e+00,   2.03618136e-10,       0.00000000,       0.00000000,       0.00000000
     14137.29478,    -999.00000000,   0.00000000e+00,   9.01397454e-11,       0.00000000,       0.00000000,       0.00000000
     15203.21128,    -999.00000000,   0.00000000e+00,   4.27493532e-11,       0.00000000,       0.00000000,       0.00000000
     16464.01510,    -999.00000000,   0.00000000e+00,   4.53507677e-11,       0.00000000,       0.00000000,       0.00000000
     18480.66653,    -999.00000000,   0.00000000e+00,   4.47475265e-11,       0.00000000,       0.00000000,       0.00000000
     20464.78550,    -999.00000000,   0.00000000e+00,   4.49076192e-11,       0.00000000,       0.00000000,       0.00000000
  10000.00,         29,    1009.32
      0086.49869,    -999.00000000,   0.00000000e+00,  -4.24898355e-08,       0.00000000,       0.00000000,       0.00000000
      0308.46164,    -999.00000000,   0.00000000e+00,  -4.18058341e-08,       0.00000000,       0.00000000,       0.00000000
      0534.76550,    -999.00000000,   0.00000000e+00,  -5.69231653e-08,       0.00000000,       0.00000000,       0.00000000
      0765.93153,    -999.00000000,   0.00000000e+00,  -5.80398107e-08,       0.00000000,       0.00000000,       0.00000000
      1002.34673,    -999.00000000,   0.00000000e+00,  -5.18291979e-08,       0.00000000,       0.00000000,       0.00000000
      1244.30311,    -999.00000000,   0.00000000e+00,  -4.60499114e-08,       0.00000000,       0.00000000,       0.00000000
      1492.11444,    -999.00000000,   0.00000000e+00,  -4.15746453e-08,       0.00000000,       0.00000000,       0.00000000
      1746.06642,    -999.00000000,   0.00000000e+00,  -3.72366429e-08,       0.00000000,       0.00000000,       0.00000000
      2006.54083,    -999.00000000,   0.00000000e+00,  -3.20816269e-08,       0.00000000,       0.00000000,       0.00000000
      2273.92745,    -999.00000000,   0.00000000e+00,  -2.63585059e-08,       0.00000000,       0.00000000,       0.00000000
      2548.64617,    -999.00000000,   0.00000000e+00,  -2.10707102e-08,       0.00000000,       0.00000000,       0.00000000
      3121.85644,    -999.00000000,   0.00000000e+00,  -1.27109820e-08,       0.00000000,       0.00000000,       0.00000000
      3730.11646,    -999.00000000,   0.00000000e+00,  -7.99577287e-09,       0.00000000,       0.00000000,       0.00000000
      4378.12253,    -999.00000000,   0.00000000e+00,  -1.08053155e-08,       0.00000000,       0.00000000,       0.00000000
      5073.17215,    -999.00000000,   0.00000000e+00,  -8.32477510e-09,       0.00000000,       0.00000000,       0.00000000
      5823.67210,    -999.00000000,   0.00000000e+00,  -4.22947744e-09,       0.00000000,       0.00000000,       0.00000000
      6639.39119,    -999.00000000,   0.00000000e+00,  -2.38286941e-09,       0.00000000,       0.00000000,       0.00000000
      7533.37559,    -999.00000000,   0.00000000e+00,  -1.07337873e-09,       0.00000000,       0.00000000,       0.00000000
      8522.64521,    -999.00000000,   0.00000000e+00,  -3.35200379e-10,       0.00000000,       0.00000000,       0.00000000
      9630.44400,    -999.00000000,   0.00000000e+00,   1.76488727e-10,       0.00000000,       0.00000000,       0.00000000
     10891.39587,    -999.00000000,   0.00000000e+00,   5.97713427e-10,       0.00000000,       0.00000000,       0.00000000
     11595.16198,    -999.00000000,   0.00000000e+00,   5.75791945e-10,       0.00000000,       0.00000000,       0.00000000
     12360.33899,    -999.00000000,   0.00000000e+00,   3.89423265e-10,       0.00000000,       0.00000000,       0.00000000
     13200.78907,    -999.00000000,   0.00000000e+00,   2.03618136e-10,       0.00000000,       0.00000000,       0.00000000
     14137.29478,    -999.00000000,   0.00000000e+00,   9.01397454e-11,       0.00000000,       0.00000000,       0.00000000
     15203.21128,    -999.00000000,   0.00000000e+00,   4.27493532e-11,       0.00000000,       0.00000000,       0.00000000
     16464.01510,    -999.00000000,   0.00000000e+00,   4.53507677e-11,       0.00000000,       0.00000000,       0.00000000
     18480.66653,    -999.00000000,   0.00000000e+00,   4.47475265e-11,       0.00000000,       0.00000000,       0.00000000
     20464.78550,    -999.00000000,   0.00000000e+00,   4.49076192e-11,       0.00000000,       0.00000000,       0.00000000
