  z[m] p[mb] tpls[K/s] qls[kg/kg/s] uls_hor vls_hor wls[m/s]
      0.00,         29,    1009.32
      0.08649869,    -999.00000000,   0.00000000e+00,  -5.31122944e-08,       0.00000000,       0.00000000,       0.00000000
      0.30846164,    -999.00000000,   0.00000000e+00,  -5.22572927e-08,       0.00000000,       0.00000000,       0.00000000
      0.53476550,    -999.00000000,   0.00000000e+00,  -7.11539567e-08,       0.00000000,       0.00000000,       0.00000000
      0.76593153,    -999.00000000,   0.00000000e+00,  -7.25497634e-08,       0.00000000,       0.00000000,       0.00000000
      1.00234673,    -999.00000000,   0.00000000e+00,  -6.47864974e-08,       0.00000000,       0.00000000,       0.00000000
      1.24430311,    -999.00000000,   0.00000000e+00,  -5.75623892e-08,       0.00000000,       0.00000000,       0.00000000
      1.49211444,    -999.00000000,   0.00000000e+00,  -5.19683067e-08,       0.00000000,       0.00000000,       0.00000000
      1.74606642,    -999.00000000,   0.00000000e+00,  -4.65458036e-08,       0.00000000,       0.00000000,       0.00000000
      2.00654083,    -999.00000000,   0.00000000e+00,  -4.01020337e-08,       0.00000000,       0.00000000,       0.00000000
      2.27392745,    -999.00000000,   0.00000000e+00,  -3.29481324e-08,       0.00000000,       0.00000000,       0.00000000
      2.54864617,    -999.00000000,   0.00000000e+00,  -2.63383877e-08,       0.00000000,       0.00000000,       0.00000000
      3.12185644,    -999.00000000,   0.00000000e+00,  -1.58887274e-08,       0.00000000,       0.00000000,       0.00000000
      3.73011646,    -999.00000000,   0.00000000e+00,  -9.99471609e-09,       0.00000000,       0.00000000,       0.00000000
      4.37812253,    -999.00000000,   0.00000000e+00,  -1.35066443e-08,       0.00000000,       0.00000000,       0.00000000
      5.07317215,    -999.00000000,   0.00000000e+00,  -1.04059689e-08,       0.00000000,       0.00000000,       0.00000000
      5.82367210,    -999.00000000,   0.00000000e+00,  -5.28684680e-09,       0.00000000,       0.00000000,       0.00000000
      6.63939119,    -999.00000000,   0.00000000e+00,  -2.97858676e-09,       0.00000000,       0.00000000,       0.00000000
      7.53337559,    -999.00000000,   0.00000000e+00,  -1.34172341e-09,       0.00000000,       0.00000000,       0.00000000
      8.52264521,    -999.00000000,   0.00000000e+00,  -4.19000473e-10,       0.00000000,       0.00000000,       0.00000000
      9.63044400,    -999.00000000,   0.00000000e+00,   2.20610909e-10,       0.00000000,       0.00000000,       0.00000000
     10.89139587,    -999.00000000,   0.00000000e+00,   7.47141784e-10,       0.00000000,       0.00000000,       0.00000000
     11.59516198,    -999.00000000,   0.00000000e+00,   7.19739931e-10,       0.00000000,       0.00000000,       0.00000000
     12.36033899,    -999.00000000,   0.00000000e+00,   4.86779082e-10,       0.00000000,       0.00000000,       0.00000000
     13.20078907,    -999.00000000,   0.00000000e+00,   2.54522670e-10,       0.00000000,       0.00000000,       0.00000000
     14.13729478,    -999.00000000,   0.00000000e+00,   1.12674682e-10,       0.00000000,       0.00000000,       0.00000000
     15.20321128,    -999.00000000,   0.00000000e+00,   5.34366914e-11,       0.00000000,       0.00000000,       0.00000000
     16.46401510,    -999.00000000,   0.00000000e+00,   5.66884596e-11,       0.00000000,       0.00000000,       0.00000000
     18.48066653,    -999.00000000,   0.00000000e+00,   5.59344081e-11,       0.00000000,       0.00000000,       0.00000000
     20.46478550,    -999.00000000,   0.00000000e+00,   5.61345240e-11,       0.00000000,       0.00000000,       0.00000000
  10000.00,         29,    1009.32
      0.08649869,    -999.00000000,   0.00000000e+00,  -5.31122944e-08,       0.00000000,       0.00000000,       0.00000000
      0.30846164,    -999.00000000,   0.00000000e+00,  -5.22572927e-08,       0.00000000,       0.00000000,       0.00000000
      0.53476550,    -999.00000000,   0.00000000e+00,  -7.11539567e-08,       0.00000000,       0.00000000,       0.00000000
      0.76593153,    -999.00000000,   0.00000000e+00,  -7.25497634e-08,       0.00000000,       0.00000000,       0.00000000
      1.00234673,    -999.00000000,   0.00000000e+00,  -6.47864974e-08,       0.00000000,       0.00000000,       0.00000000
      1.24430311,    -999.00000000,   0.00000000e+00,  -5.75623892e-08,       0.00000000,       0.00000000,       0.00000000
      1.49211444,    -999.00000000,   0.00000000e+00,  -5.19683067e-08,       0.00000000,       0.00000000,       0.00000000
      1.74606642,    -999.00000000,   0.00000000e+00,  -4.65458036e-08,       0.00000000,       0.00000000,       0.00000000
      2.00654083,    -999.00000000,   0.00000000e+00,  -4.01020337e-08,       0.00000000,       0.00000000,       0.00000000
      2.27392745,    -999.00000000,   0.00000000e+00,  -3.29481324e-08,       0.00000000,       0.00000000,       0.00000000
      2.54864617,    -999.00000000,   0.00000000e+00,  -2.63383877e-08,       0.00000000,       0.00000000,       0.00000000
      3.12185644,    -999.00000000,   0.00000000e+00,  -1.58887274e-08,       0.00000000,       0.00000000,       0.00000000
      3.73011646,    -999.00000000,   0.00000000e+00,  -9.99471609e-09,       0.00000000,       0.00000000,       0.00000000
      4.37812253,    -999.00000000,   0.00000000e+00,  -1.35066443e-08,       0.00000000,       0.00000000,       0.00000000
      5.07317215,    -999.00000000,   0.00000000e+00,  -1.04059689e-08,       0.00000000,       0.00000000,       0.00000000
      5.82367210,    -999.00000000,   0.00000000e+00,  -5.28684680e-09,       0.00000000,       0.00000000,       0.00000000
      6.63939119,    -999.00000000,   0.00000000e+00,  -2.97858676e-09,       0.00000000,       0.00000000,       0.00000000
      7.53337559,    -999.00000000,   0.00000000e+00,  -1.34172341e-09,       0.00000000,       0.00000000,       0.00000000
      8.52264521,    -999.00000000,   0.00000000e+00,  -4.19000473e-10,       0.00000000,       0.00000000,       0.00000000
      9.63044400,    -999.00000000,   0.00000000e+00,   2.20610909e-10,       0.00000000,       0.00000000,       0.00000000
     10.89139587,    -999.00000000,   0.00000000e+00,   7.47141784e-10,       0.00000000,       0.00000000,       0.00000000
     11.59516198,    -999.00000000,   0.00000000e+00,   7.19739931e-10,       0.00000000,       0.00000000,       0.00000000
     12.36033899,    -999.00000000,   0.00000000e+00,   4.86779082e-10,       0.00000000,       0.00000000,       0.00000000
     13.20078907,    -999.00000000,   0.00000000e+00,   2.54522670e-10,       0.00000000,       0.00000000,       0.00000000
     14.13729478,    -999.00000000,   0.00000000e+00,   1.12674682e-10,       0.00000000,       0.00000000,       0.00000000
     15.20321128,    -999.00000000,   0.00000000e+00,   5.34366914e-11,       0.00000000,       0.00000000,       0.00000000
     16.46401510,    -999.00000000,   0.00000000e+00,   5.66884596e-11,       0.00000000,       0.00000000,       0.00000000
     18.48066653,    -999.00000000,   0.00000000e+00,   5.59344081e-11,       0.00000000,       0.00000000,       0.00000000
     20.46478550,    -999.00000000,   0.00000000e+00,   5.61345240e-11,       0.00000000,       0.00000000,       0.00000000
