  z[m] p[mb] tpls[K/s] qls[kg/kg/s] uls_hor vls_hor wls[m/s]
      0.00,         29,    1009.32
     86.49869000,    -999.00000000,   0.00000000e+00,  -3.18673767e-09,       0.00000000,       0.00000000,       0.00000000
    308.46164000,    -999.00000000,   0.00000000e+00,  -3.13543755e-09,       0.00000000,       0.00000000,       0.00000000
    534.76550000,    -999.00000000,   0.00000000e+00,  -4.26923739e-09,       0.00000000,       0.00000000,       0.00000000
    765.93153000,    -999.00000000,   0.00000000e+00,  -4.35298581e-09,       0.00000000,       0.00000000,       0.00000000
   1002.34673000,    -999.00000000,   0.00000000e+00,  -3.88718985e-09,       0.00000000,       0.00000000,       0.00000000
   1244.30311000,    -999.00000000,   0.00000000e+00,  -3.45374334e-09,       0.00000000,       0.00000000,       0.00000000
   1492.11444000,    -999.00000000,   0.00000000e+00,  -3.11809839e-09,       0.00000000,       0.00000000,       0.00000000
   1746.06642000,    -999.00000000,   0.00000000e+00,  -2.79274822e-09,       0.00000000,       0.00000000,       0.00000000
   2006.54083000,    -999.00000000,   0.00000000e+00,  -2.40612202e-09,       0.00000000,       0.00000000,       0.00000000
   2273.92745000,    -999.00000000,   0.00000000e+00,  -1.97688794e-09,       0.00000000,       0.00000000,       0.00000000
   2548.64617000,    -999.00000000,   0.00000000e+00,  -1.58030326e-09,       0.00000000,       0.00000000,       0.00000000
   3121.85644000,    -999.00000000,   0.00000000e+00,  -9.53323647e-10,       0.00000000,       0.00000000,       0.00000000
   3730.11646000,    -999.00000000,   0.00000000e+00,  -5.99682966e-10,       0.00000000,       0.00000000,       0.00000000
   4378.12253000,    -999.00000000,   0.00000000e+00,  -8.10398661e-10,       0.00000000,       0.00000000,       0.00000000
   5073.17215000,    -999.00000000,   0.00000000e+00,  -6.24358131e-10,       0.00000000,       0.00000000,       0.00000000
   5823.67210000,    -999.00000000,   0.00000000e+00,  -3.17210808e-10,       0.00000000,       0.00000000,       0.00000000
   6639.39119000,    -999.00000000,   0.00000000e+00,  -1.78715205e-10,       0.00000000,       0.00000000,       0.00000000
   7533.37559000,    -999.00000000,   0.00000000e+00,  -8.05034046e-11,       0.00000000,       0.00000000,       0.00000000
   8522.64521000,    -999.00000000,   0.00000000e+00,  -2.51400284e-11,       0.00000000,       0.00000000,       0.00000000
   9630.44400000,    -999.00000000,   0.00000000e+00,   1.32366545e-11,       0.00000000,       0.00000000,       0.00000000
  10891.39587000,    -999.00000000,   0.00000000e+00,   4.48285071e-11,       0.00000000,       0.00000000,       0.00000000
  11595.16198000,    -999.00000000,   0.00000000e+00,   4.31843958e-11,       0.00000000,       0.00000000,       0.00000000
  12360.33899000,    -999.00000000,   0.00000000e+00,   2.92067449e-11,       0.00000000,       0.00000000,       0.00000000
  13200.78907000,    -999.00000000,   0.00000000e+00,   1.52713602e-11,       0.00000000,       0.00000000,       0.00000000
  14137.29478000,    -999.00000000,   0.00000000e+00,   6.76048092e-12,       0.00000000,       0.00000000,       0.00000000
  15203.21128000,    -999.00000000,   0.00000000e+00,   3.20620149e-12,       0.00000000,       0.00000000,       0.00000000
  16464.01510000,    -999.00000000,   0.00000000e+00,   3.40130757e-12,       0.00000000,       0.00000000,       0.00000000
  18480.66653000,    -999.00000000,   0.00000000e+00,   3.35606448e-12,       0.00000000,       0.00000000,       0.00000000
  20464.78550000,    -999.00000000,   0.00000000e+00,   3.36807144e-12,       0.00000000,       0.00000000,       0.00000000
  10000.00,         29,    1009.32
     86.49869000,    -999.00000000,   0.00000000e+00,  -3.18673767e-09,       0.00000000,       0.00000000,       0.00000000
    308.46164000,    -999.00000000,   0.00000000e+00,  -3.13543755e-09,       0.00000000,       0.00000000,       0.00000000
    534.76550000,    -999.00000000,   0.00000000e+00,  -4.26923739e-09,       0.00000000,       0.00000000,       0.00000000
    765.93153000,    -999.00000000,   0.00000000e+00,  -4.35298581e-09,       0.00000000,       0.00000000,       0.00000000
   1002.34673000,    -999.00000000,   0.00000000e+00,  -3.88718985e-09,       0.00000000,       0.00000000,       0.00000000
   1244.30311000,    -999.00000000,   0.00000000e+00,  -3.45374334e-09,       0.00000000,       0.00000000,       0.00000000
   1492.11444000,    -999.00000000,   0.00000000e+00,  -3.11809839e-09,       0.00000000,       0.00000000,       0.00000000
   1746.06642000,    -999.00000000,   0.00000000e+00,  -2.79274822e-09,       0.00000000,       0.00000000,       0.00000000
   2006.54083000,    -999.00000000,   0.00000000e+00,  -2.40612202e-09,       0.00000000,       0.00000000,       0.00000000
   2273.92745000,    -999.00000000,   0.00000000e+00,  -1.97688794e-09,       0.00000000,       0.00000000,       0.00000000
   2548.64617000,    -999.00000000,   0.00000000e+00,  -1.58030326e-09,       0.00000000,       0.00000000,       0.00000000
   3121.85644000,    -999.00000000,   0.00000000e+00,  -9.53323647e-10,       0.00000000,       0.00000000,       0.00000000
   3730.11646000,    -999.00000000,   0.00000000e+00,  -5.99682966e-10,       0.00000000,       0.00000000,       0.00000000
   4378.12253000,    -999.00000000,   0.00000000e+00,  -8.10398661e-10,       0.00000000,       0.00000000,       0.00000000
   5073.17215000,    -999.00000000,   0.00000000e+00,  -6.24358131e-10,       0.00000000,       0.00000000,       0.00000000
   5823.67210000,    -999.00000000,   0.00000000e+00,  -3.17210808e-10,       0.00000000,       0.00000000,       0.00000000
   6639.39119000,    -999.00000000,   0.00000000e+00,  -1.78715205e-10,       0.00000000,       0.00000000,       0.00000000
   7533.37559000,    -999.00000000,   0.00000000e+00,  -8.05034046e-11,       0.00000000,       0.00000000,       0.00000000
   8522.64521000,    -999.00000000,   0.00000000e+00,  -2.51400284e-11,       0.00000000,       0.00000000,       0.00000000
   9630.44400000,    -999.00000000,   0.00000000e+00,   1.32366545e-11,       0.00000000,       0.00000000,       0.00000000
  10891.39587000,    -999.00000000,   0.00000000e+00,   4.48285071e-11,       0.00000000,       0.00000000,       0.00000000
  11595.16198000,    -999.00000000,   0.00000000e+00,   4.31843958e-11,       0.00000000,       0.00000000,       0.00000000
  12360.33899000,    -999.00000000,   0.00000000e+00,   2.92067449e-11,       0.00000000,       0.00000000,       0.00000000
  13200.78907000,    -999.00000000,   0.00000000e+00,   1.52713602e-11,       0.00000000,       0.00000000,       0.00000000
  14137.29478000,    -999.00000000,   0.00000000e+00,   6.76048092e-12,       0.00000000,       0.00000000,       0.00000000
  15203.21128000,    -999.00000000,   0.00000000e+00,   3.20620149e-12,       0.00000000,       0.00000000,       0.00000000
  16464.01510000,    -999.00000000,   0.00000000e+00,   3.40130757e-12,       0.00000000,       0.00000000,       0.00000000
  18480.66653000,    -999.00000000,   0.00000000e+00,   3.35606448e-12,       0.00000000,       0.00000000,       0.00000000
  20464.78550000,    -999.00000000,   0.00000000e+00,   3.36807144e-12,       0.00000000,       0.00000000,       0.00000000
