  z[m] p[mb] tpls[K/s] qls[kg/kg/s] uls_hor vls_hor wls[m/s]
      0.00,         29,    1009.32
      0.08649869,    -999.00000000,   0.00000000e+00,  -1.16847048e-07,       0.00000000,       0.00000000,       0.00000000
      0.30846164,    -999.00000000,   0.00000000e+00,  -1.14966044e-07,       0.00000000,       0.00000000,       0.00000000
      0.53476550,    -999.00000000,   0.00000000e+00,  -1.56538705e-07,       0.00000000,       0.00000000,       0.00000000
      0.76593153,    -999.00000000,   0.00000000e+00,  -1.59609479e-07,       0.00000000,       0.00000000,       0.00000000
      1.00234673,    -999.00000000,   0.00000000e+00,  -1.42530294e-07,       0.00000000,       0.00000000,       0.00000000
      1.24430311,    -999.00000000,   0.00000000e+00,  -1.26637256e-07,       0.00000000,       0.00000000,       0.00000000
      1.49211444,    -999.00000000,   0.00000000e+00,  -1.14330275e-07,       0.00000000,       0.00000000,       0.00000000
      1.74606642,    -999.00000000,   0.00000000e+00,  -1.02400768e-07,       0.00000000,       0.00000000,       0.00000000
      2.00654083,    -999.00000000,   0.00000000e+00,  -8.82244740e-08,       0.00000000,       0.00000000,       0.00000000
      2.27392745,    -999.00000000,   0.00000000e+00,  -7.24858912e-08,       0.00000000,       0.00000000,       0.00000000
      2.54864617,    -999.00000000,   0.00000000e+00,  -5.79444530e-08,       0.00000000,       0.00000000,       0.00000000
      3.12185644,    -999.00000000,   0.00000000e+00,  -3.49552004e-08,       0.00000000,       0.00000000,       0.00000000
      3.73011646,    -999.00000000,   0.00000000e+00,  -2.19883754e-08,       0.00000000,       0.00000000,       0.00000000
      4.37812253,    -999.00000000,   0.00000000e+00,  -2.97146175e-08,       0.00000000,       0.00000000,       0.00000000
      5.07317215,    -999.00000000,   0.00000000e+00,  -2.28931315e-08,       0.00000000,       0.00000000,       0.00000000
      5.82367210,    -999.00000000,   0.00000000e+00,  -1.16310630e-08,       0.00000000,       0.00000000,       0.00000000
      6.63939119,    -999.00000000,   0.00000000e+00,  -6.55289087e-09,       0.00000000,       0.00000000,       0.00000000
      7.53337559,    -999.00000000,   0.00000000e+00,  -2.95179150e-09,       0.00000000,       0.00000000,       0.00000000
      8.52264521,    -999.00000000,   0.00000000e+00,  -9.21801041e-10,       0.00000000,       0.00000000,       0.00000000
      9.63044400,    -999.00000000,   0.00000000e+00,   4.85343999e-10,       0.00000000,       0.00000000,       0.00000000
     10.89139587,    -999.00000000,   0.00000000e+00,   1.64371192e-09,       0.00000000,       0.00000000,       0.00000000
     11.59516198,    -999.00000000,   0.00000000e+00,   1.58342785e-09,       0.00000000,       0.00000000,       0.00000000
     12.36033899,    -999.00000000,   0.00000000e+00,   1.07091398e-09,       0.00000000,       0.00000000,       0.00000000
     13.20078907,    -999.00000000,   0.00000000e+00,   5.59949875e-10,       0.00000000,       0.00000000,       0.00000000
     14.13729478,    -999.00000000,   0.00000000e+00,   2.47884300e-10,       0.00000000,       0.00000000,       0.00000000
     15.20321128,    -999.00000000,   0.00000000e+00,   1.17560721e-10,       0.00000000,       0.00000000,       0.00000000
     16.46401510,    -999.00000000,   0.00000000e+00,   1.24714611e-10,       0.00000000,       0.00000000,       0.00000000
     18.48066653,    -999.00000000,   0.00000000e+00,   1.23055698e-10,       0.00000000,       0.00000000,       0.00000000
     20.46478550,    -999.00000000,   0.00000000e+00,   1.23495953e-10,       0.00000000,       0.00000000,       0.00000000
  10000.00,         29,    1009.32
      0.08649869,    -999.00000000,   0.00000000e+00,  -1.16847048e-07,       0.00000000,       0.00000000,       0.00000000
      0.30846164,    -999.00000000,   0.00000000e+00,  -1.14966044e-07,       0.00000000,       0.00000000,       0.00000000
      0.53476550,    -999.00000000,   0.00000000e+00,  -1.56538705e-07,       0.00000000,       0.00000000,       0.00000000
      0.76593153,    -999.00000000,   0.00000000e+00,  -1.59609479e-07,       0.00000000,       0.00000000,       0.00000000
      1.00234673,    -999.00000000,   0.00000000e+00,  -1.42530294e-07,       0.00000000,       0.00000000,       0.00000000
      1.24430311,    -999.00000000,   0.00000000e+00,  -1.26637256e-07,       0.00000000,       0.00000000,       0.00000000
      1.49211444,    -999.00000000,   0.00000000e+00,  -1.14330275e-07,       0.00000000,       0.00000000,       0.00000000
      1.74606642,    -999.00000000,   0.00000000e+00,  -1.02400768e-07,       0.00000000,       0.00000000,       0.00000000
      2.00654083,    -999.00000000,   0.00000000e+00,  -8.82244740e-08,       0.00000000,       0.00000000,       0.00000000
      2.27392745,    -999.00000000,   0.00000000e+00,  -7.24858912e-08,       0.00000000,       0.00000000,       0.00000000
      2.54864617,    -999.00000000,   0.00000000e+00,  -5.79444530e-08,       0.00000000,       0.00000000,       0.00000000
      3.12185644,    -999.00000000,   0.00000000e+00,  -3.49552004e-08,       0.00000000,       0.00000000,       0.00000000
      3.73011646,    -999.00000000,   0.00000000e+00,  -2.19883754e-08,       0.00000000,       0.00000000,       0.00000000
      4.37812253,    -999.00000000,   0.00000000e+00,  -2.97146175e-08,       0.00000000,       0.00000000,       0.00000000
      5.07317215,    -999.00000000,   0.00000000e+00,  -2.28931315e-08,       0.00000000,       0.00000000,       0.00000000
      5.82367210,    -999.00000000,   0.00000000e+00,  -1.16310630e-08,       0.00000000,       0.00000000,       0.00000000
      6.63939119,    -999.00000000,   0.00000000e+00,  -6.55289087e-09,       0.00000000,       0.00000000,       0.00000000
      7.53337559,    -999.00000000,   0.00000000e+00,  -2.95179150e-09,       0.00000000,       0.00000000,       0.00000000
      8.52264521,    -999.00000000,   0.00000000e+00,  -9.21801041e-10,       0.00000000,       0.00000000,       0.00000000
      9.63044400,    -999.00000000,   0.00000000e+00,   4.85343999e-10,       0.00000000,       0.00000000,       0.00000000
     10.89139587,    -999.00000000,   0.00000000e+00,   1.64371192e-09,       0.00000000,       0.00000000,       0.00000000
     11.59516198,    -999.00000000,   0.00000000e+00,   1.58342785e-09,       0.00000000,       0.00000000,       0.00000000
     12.36033899,    -999.00000000,   0.00000000e+00,   1.07091398e-09,       0.00000000,       0.00000000,       0.00000000
     13.20078907,    -999.00000000,   0.00000000e+00,   5.59949875e-10,       0.00000000,       0.00000000,       0.00000000
     14.13729478,    -999.00000000,   0.00000000e+00,   2.47884300e-10,       0.00000000,       0.00000000,       0.00000000
     15.20321128,    -999.00000000,   0.00000000e+00,   1.17560721e-10,       0.00000000,       0.00000000,       0.00000000
     16.46401510,    -999.00000000,   0.00000000e+00,   1.24714611e-10,       0.00000000,       0.00000000,       0.00000000
     18.48066653,    -999.00000000,   0.00000000e+00,   1.23055698e-10,       0.00000000,       0.00000000,       0.00000000
     20.46478550,    -999.00000000,   0.00000000e+00,   1.23495953e-10,       0.00000000,       0.00000000,       0.00000000
