  z[m] p[mb] tpls[K/s] qls[kg/kg/s] uls_hor vls_hor wls[m/s]
      0.00,         29,    1009.32
      0086.49869,    -999.00000000,   0.00000000e+00,  -1.27469507e-07,       0.00000000,       0.00000000,       0.00000000
      0308.46164,    -999.00000000,   0.00000000e+00,  -1.25417502e-07,       0.00000000,       0.00000000,       0.00000000
      0534.76550,    -999.00000000,   0.00000000e+00,  -1.70769496e-07,       0.00000000,       0.00000000,       0.00000000
      0765.93153,    -999.00000000,   0.00000000e+00,  -1.74119432e-07,       0.00000000,       0.00000000,       0.00000000
      1002.34673,    -999.00000000,   0.00000000e+00,  -1.55487594e-07,       0.00000000,       0.00000000,       0.00000000
      1244.30311,    -999.00000000,   0.00000000e+00,  -1.38149734e-07,       0.00000000,       0.00000000,       0.00000000
      1492.11444,    -999.00000000,   0.00000000e+00,  -1.24723936e-07,       0.00000000,       0.00000000,       0.00000000
      1746.06642,    -999.00000000,   0.00000000e+00,  -1.11709929e-07,       0.00000000,       0.00000000,       0.00000000
      2006.54083,    -999.00000000,   0.00000000e+00,  -9.62448808e-08,       0.00000000,       0.00000000,       0.00000000
      2273.92745,    -999.00000000,   0.00000000e+00,  -7.90755177e-08,       0.00000000,       0.00000000,       0.00000000
      2548.64617,    -999.00000000,   0.00000000e+00,  -6.32121306e-08,       0.00000000,       0.00000000,       0.00000000
      3121.85644,    -999.00000000,   0.00000000e+00,  -3.81329459e-08,       0.00000000,       0.00000000,       0.00000000
      3730.11646,    -999.00000000,   0.00000000e+00,  -2.39873186e-08,       0.00000000,       0.00000000,       0.00000000
      4378.12253,    -999.00000000,   0.00000000e+00,  -3.24159464e-08,       0.00000000,       0.00000000,       0.00000000
      5073.17215,    -999.00000000,   0.00000000e+00,  -2.49743253e-08,       0.00000000,       0.00000000,       0.00000000
      5823.67210,    -999.00000000,   0.00000000e+00,  -1.26884323e-08,       0.00000000,       0.00000000,       0.00000000
      6639.39119,    -999.00000000,   0.00000000e+00,  -7.14860822e-09,       0.00000000,       0.00000000,       0.00000000
      7533.37559,    -999.00000000,   0.00000000e+00,  -3.22013618e-09,       0.00000000,       0.00000000,       0.00000000
      8522.64521,    -999.00000000,   0.00000000e+00,  -1.00560114e-09,       0.00000000,       0.00000000,       0.00000000
      9630.44400,    -999.00000000,   0.00000000e+00,   5.29466181e-10,       0.00000000,       0.00000000,       0.00000000
     10891.39587,    -999.00000000,   0.00000000e+00,   1.79314028e-09,       0.00000000,       0.00000000,       0.00000000
     11595.16198,    -999.00000000,   0.00000000e+00,   1.72737584e-09,       0.00000000,       0.00000000,       0.00000000
     12360.33899,    -999.00000000,   0.00000000e+00,   1.16826980e-09,       0.00000000,       0.00000000,       0.00000000
     13200.78907,    -999.00000000,   0.00000000e+00,   6.10854409e-10,       0.00000000,       0.00000000,       0.00000000
     14137.29478,    -999.00000000,   0.00000000e+00,   2.70419236e-10,       0.00000000,       0.00000000,       0.00000000
     15203.21128,    -999.00000000,   0.00000000e+00,   1.28248059e-10,       0.00000000,       0.00000000,       0.00000000
     16464.01510,    -999.00000000,   0.00000000e+00,   1.36052303e-10,       0.00000000,       0.00000000,       0.00000000
     18480.66653,    -999.00000000,   0.00000000e+00,   1.34242580e-10,       0.00000000,       0.00000000,       0.00000000
     20464.78550,    -999.00000000,   0.00000000e+00,   1.34722858e-10,       0.00000000,       0.00000000,       0.00000000
  10000.00,         29,    1009.32
      0086.49869,    -999.00000000,   0.00000000e+00,  -1.27469507e-07,       0.00000000,       0.00000000,       0.00000000
      0308.46164,    -999.00000000,   0.00000000e+00,  -1.25417502e-07,       0.00000000,       0.00000000,       0.00000000
      0534.76550,    -999.00000000,   0.00000000e+00,  -1.70769496e-07,       0.00000000,       0.00000000,       0.00000000
      0765.93153,    -999.00000000,   0.00000000e+00,  -1.74119432e-07,       0.00000000,       0.00000000,       0.00000000
      1002.34673,    -999.00000000,   0.00000000e+00,  -1.55487594e-07,       0.00000000,       0.00000000,       0.00000000
      1244.30311,    -999.00000000,   0.00000000e+00,  -1.38149734e-07,       0.00000000,       0.00000000,       0.00000000
      1492.11444,    -999.00000000,   0.00000000e+00,  -1.24723936e-07,       0.00000000,       0.00000000,       0.00000000
      1746.06642,    -999.00000000,   0.00000000e+00,  -1.11709929e-07,       0.00000000,       0.00000000,       0.00000000
      2006.54083,    -999.00000000,   0.00000000e+00,  -9.62448808e-08,       0.00000000,       0.00000000,       0.00000000
      2273.92745,    -999.00000000,   0.00000000e+00,  -7.90755177e-08,       0.00000000,       0.00000000,       0.00000000
      2548.64617,    -999.00000000,   0.00000000e+00,  -6.32121306e-08,       0.00000000,       0.00000000,       0.00000000
      3121.85644,    -999.00000000,   0.00000000e+00,  -3.81329459e-08,       0.00000000,       0.00000000,       0.00000000
      3730.11646,    -999.00000000,   0.00000000e+00,  -2.39873186e-08,       0.00000000,       0.00000000,       0.00000000
      4378.12253,    -999.00000000,   0.00000000e+00,  -3.24159464e-08,       0.00000000,       0.00000000,       0.00000000
      5073.17215,    -999.00000000,   0.00000000e+00,  -2.49743253e-08,       0.00000000,       0.00000000,       0.00000000
      5823.67210,    -999.00000000,   0.00000000e+00,  -1.26884323e-08,       0.00000000,       0.00000000,       0.00000000
      6639.39119,    -999.00000000,   0.00000000e+00,  -7.14860822e-09,       0.00000000,       0.00000000,       0.00000000
      7533.37559,    -999.00000000,   0.00000000e+00,  -3.22013618e-09,       0.00000000,       0.00000000,       0.00000000
      8522.64521,    -999.00000000,   0.00000000e+00,  -1.00560114e-09,       0.00000000,       0.00000000,       0.00000000
      9630.44400,    -999.00000000,   0.00000000e+00,   5.29466181e-10,       0.00000000,       0.00000000,       0.00000000
     10891.39587,    -999.00000000,   0.00000000e+00,   1.79314028e-09,       0.00000000,       0.00000000,       0.00000000
     11595.16198,    -999.00000000,   0.00000000e+00,   1.72737584e-09,       0.00000000,       0.00000000,       0.00000000
     12360.33899,    -999.00000000,   0.00000000e+00,   1.16826980e-09,       0.00000000,       0.00000000,       0.00000000
     13200.78907,    -999.00000000,   0.00000000e+00,   6.10854409e-10,       0.00000000,       0.00000000,       0.00000000
     14137.29478,    -999.00000000,   0.00000000e+00,   2.70419236e-10,       0.00000000,       0.00000000,       0.00000000
     15203.21128,    -999.00000000,   0.00000000e+00,   1.28248059e-10,       0.00000000,       0.00000000,       0.00000000
     16464.01510,    -999.00000000,   0.00000000e+00,   1.36052303e-10,       0.00000000,       0.00000000,       0.00000000
     18480.66653,    -999.00000000,   0.00000000e+00,   1.34242580e-10,       0.00000000,       0.00000000,       0.00000000
     20464.78550,    -999.00000000,   0.00000000e+00,   1.34722858e-10,       0.00000000,       0.00000000,       0.00000000
