  z[m] p[mb] tpls[K/s] qls[kg/kg/s] uls_hor vls_hor wls[m/s]
      0.00,         29,    1009.32
     86.49869000,    -999.00000000,   0.00000000e+00,  -1.38091966e-08,       0.00000000,       0.00000000,       0.00000000
    308.46164000,    -999.00000000,   0.00000000e+00,  -1.35868961e-08,       0.00000000,       0.00000000,       0.00000000
    534.76550000,    -999.00000000,   0.00000000e+00,  -1.85000287e-08,       0.00000000,       0.00000000,       0.00000000
    765.93153000,    -999.00000000,   0.00000000e+00,  -1.88629385e-08,       0.00000000,       0.00000000,       0.00000000
   1002.34673000,    -999.00000000,   0.00000000e+00,  -1.68444893e-08,       0.00000000,       0.00000000,       0.00000000
   1244.30311000,    -999.00000000,   0.00000000e+00,  -1.49662211e-08,       0.00000000,       0.00000000,       0.00000000
   1492.11444000,    -999.00000000,   0.00000000e+00,  -1.35117597e-08,       0.00000000,       0.00000000,       0.00000000
   1746.06642000,    -999.00000000,   0.00000000e+00,  -1.21019089e-08,       0.00000000,       0.00000000,       0.00000000
   2006.54083000,    -999.00000000,   0.00000000e+00,  -1.04265287e-08,       0.00000000,       0.00000000,       0.00000000
   2273.92745000,    -999.00000000,   0.00000000e+00,  -8.56651441e-09,       0.00000000,       0.00000000,       0.00000000
   2548.64617000,    -999.00000000,   0.00000000e+00,  -6.84798082e-09,       0.00000000,       0.00000000,       0.00000000
   3121.85644000,    -999.00000000,   0.00000000e+00,  -4.13106914e-09,       0.00000000,       0.00000000,       0.00000000
   3730.11646000,    -999.00000000,   0.00000000e+00,  -2.59862619e-09,       0.00000000,       0.00000000,       0.00000000
   4378.12253000,    -999.00000000,   0.00000000e+00,  -3.51172753e-09,       0.00000000,       0.00000000,       0.00000000
   5073.17215000,    -999.00000000,   0.00000000e+00,  -2.70555190e-09,       0.00000000,       0.00000000,       0.00000000
   5823.67210000,    -999.00000000,   0.00000000e+00,  -1.37458017e-09,       0.00000000,       0.00000000,       0.00000000
   6639.39119000,    -999.00000000,   0.00000000e+00,  -7.74432556e-10,       0.00000000,       0.00000000,       0.00000000
   7533.37559000,    -999.00000000,   0.00000000e+00,  -3.48848087e-10,       0.00000000,       0.00000000,       0.00000000
   8522.64521000,    -999.00000000,   0.00000000e+00,  -1.08940123e-10,       0.00000000,       0.00000000,       0.00000000
   9630.44400000,    -999.00000000,   0.00000000e+00,   5.73588362e-11,       0.00000000,       0.00000000,       0.00000000
  10891.39587000,    -999.00000000,   0.00000000e+00,   1.94256864e-10,       0.00000000,       0.00000000,       0.00000000
  11595.16198000,    -999.00000000,   0.00000000e+00,   1.87132382e-10,       0.00000000,       0.00000000,       0.00000000
  12360.33899000,    -999.00000000,   0.00000000e+00,   1.26562561e-10,       0.00000000,       0.00000000,       0.00000000
  13200.78907000,    -999.00000000,   0.00000000e+00,   6.61758943e-11,       0.00000000,       0.00000000,       0.00000000
  14137.29478000,    -999.00000000,   0.00000000e+00,   2.92954173e-11,       0.00000000,       0.00000000,       0.00000000
  15203.21128000,    -999.00000000,   0.00000000e+00,   1.38935398e-11,       0.00000000,       0.00000000,       0.00000000
  16464.01510000,    -999.00000000,   0.00000000e+00,   1.47389995e-11,       0.00000000,       0.00000000,       0.00000000
  18480.66653000,    -999.00000000,   0.00000000e+00,   1.45429461e-11,       0.00000000,       0.00000000,       0.00000000
  20464.78550000,    -999.00000000,   0.00000000e+00,   1.45949762e-11,       0.00000000,       0.00000000,       0.00000000
  10000.00,         29,    1009.32
     86.49869000,    -999.00000000,   0.00000000e+00,  -1.38091966e-08,       0.00000000,       0.00000000,       0.00000000
    308.46164000,    -999.00000000,   0.00000000e+00,  -1.35868961e-08,       0.00000000,       0.00000000,       0.00000000
    534.76550000,    -999.00000000,   0.00000000e+00,  -1.85000287e-08,       0.00000000,       0.00000000,       0.00000000
    765.93153000,    -999.00000000,   0.00000000e+00,  -1.88629385e-08,       0.00000000,       0.00000000,       0.00000000
   1002.34673000,    -999.00000000,   0.00000000e+00,  -1.68444893e-08,       0.00000000,       0.00000000,       0.00000000
   1244.30311000,    -999.00000000,   0.00000000e+00,  -1.49662211e-08,       0.00000000,       0.00000000,       0.00000000
   1492.11444000,    -999.00000000,   0.00000000e+00,  -1.35117597e-08,       0.00000000,       0.00000000,       0.00000000
   1746.06642000,    -999.00000000,   0.00000000e+00,  -1.21019089e-08,       0.00000000,       0.00000000,       0.00000000
   2006.54083000,    -999.00000000,   0.00000000e+00,  -1.04265287e-08,       0.00000000,       0.00000000,       0.00000000
   2273.92745000,    -999.00000000,   0.00000000e+00,  -8.56651441e-09,       0.00000000,       0.00000000,       0.00000000
   2548.64617000,    -999.00000000,   0.00000000e+00,  -6.84798082e-09,       0.00000000,       0.00000000,       0.00000000
   3121.85644000,    -999.00000000,   0.00000000e+00,  -4.13106914e-09,       0.00000000,       0.00000000,       0.00000000
   3730.11646000,    -999.00000000,   0.00000000e+00,  -2.59862619e-09,       0.00000000,       0.00000000,       0.00000000
   4378.12253000,    -999.00000000,   0.00000000e+00,  -3.51172753e-09,       0.00000000,       0.00000000,       0.00000000
   5073.17215000,    -999.00000000,   0.00000000e+00,  -2.70555190e-09,       0.00000000,       0.00000000,       0.00000000
   5823.67210000,    -999.00000000,   0.00000000e+00,  -1.37458017e-09,       0.00000000,       0.00000000,       0.00000000
   6639.39119000,    -999.00000000,   0.00000000e+00,  -7.74432556e-10,       0.00000000,       0.00000000,       0.00000000
   7533.37559000,    -999.00000000,   0.00000000e+00,  -3.48848087e-10,       0.00000000,       0.00000000,       0.00000000
   8522.64521000,    -999.00000000,   0.00000000e+00,  -1.08940123e-10,       0.00000000,       0.00000000,       0.00000000
   9630.44400000,    -999.00000000,   0.00000000e+00,   5.73588362e-11,       0.00000000,       0.00000000,       0.00000000
  10891.39587000,    -999.00000000,   0.00000000e+00,   1.94256864e-10,       0.00000000,       0.00000000,       0.00000000
  11595.16198000,    -999.00000000,   0.00000000e+00,   1.87132382e-10,       0.00000000,       0.00000000,       0.00000000
  12360.33899000,    -999.00000000,   0.00000000e+00,   1.26562561e-10,       0.00000000,       0.00000000,       0.00000000
  13200.78907000,    -999.00000000,   0.00000000e+00,   6.61758943e-11,       0.00000000,       0.00000000,       0.00000000
  14137.29478000,    -999.00000000,   0.00000000e+00,   2.92954173e-11,       0.00000000,       0.00000000,       0.00000000
  15203.21128000,    -999.00000000,   0.00000000e+00,   1.38935398e-11,       0.00000000,       0.00000000,       0.00000000
  16464.01510000,    -999.00000000,   0.00000000e+00,   1.47389995e-11,       0.00000000,       0.00000000,       0.00000000
  18480.66653000,    -999.00000000,   0.00000000e+00,   1.45429461e-11,       0.00000000,       0.00000000,       0.00000000
  20464.78550000,    -999.00000000,   0.00000000e+00,   1.45949762e-11,       0.00000000,       0.00000000,       0.00000000
