  z[m] p[mb] tpls[K/s] qls[kg/kg/s] uls_hor vls_hor wls[m/s]
      0.00,         29,    1009.32
     86.49869000,    -999.00000000,   0.00000000e+00,  -1.59336883e-08,       0.00000000,       0.00000000,       0.00000000
    308.46164000,    -999.00000000,   0.00000000e+00,  -1.56771877e-08,       0.00000000,       0.00000000,       0.00000000
    534.76550000,    -999.00000000,   0.00000000e+00,  -2.13461870e-08,       0.00000000,       0.00000000,       0.00000000
    765.93153000,    -999.00000000,   0.00000000e+00,  -2.17649291e-08,       0.00000000,       0.00000000,       0.00000000
   1002.34673000,    -999.00000000,   0.00000000e+00,  -1.94359492e-08,       0.00000000,       0.00000000,       0.00000000
   1244.30311000,    -999.00000000,   0.00000000e+00,  -1.72687167e-08,       0.00000000,       0.00000000,       0.00000000
   1492.11444000,    -999.00000000,   0.00000000e+00,  -1.55904919e-08,       0.00000000,       0.00000000,       0.00000000
   1746.06642000,    -999.00000000,   0.00000000e+00,  -1.39637411e-08,       0.00000000,       0.00000000,       0.00000000
   2006.54083000,    -999.00000000,   0.00000000e+00,  -1.20306101e-08,       0.00000000,       0.00000000,       0.00000000
   2273.92745000,    -999.00000000,   0.00000000e+00,  -9.88443970e-09,       0.00000000,       0.00000000,       0.00000000
   2548.64617000,    -999.00000000,   0.00000000e+00,  -7.90151633e-09,       0.00000000,       0.00000000,       0.00000000
   3121.85644000,    -999.00000000,   0.00000000e+00,  -4.76661823e-09,       0.00000000,       0.00000000,       0.00000000
   3730.11646000,    -999.00000000,   0.00000000e+00,  -2.99841483e-09,       0.00000000,       0.00000000,       0.00000000
   4378.12253000,    -999.00000000,   0.00000000e+00,  -4.05199330e-09,       0.00000000,       0.00000000,       0.00000000
   5073.17215000,    -999.00000000,   0.00000000e+00,  -3.12179065e-09,       0.00000000,       0.00000000,       0.00000000
   5823.67210000,    -999.00000000,   0.00000000e+00,  -1.58605404e-09,       0.00000000,       0.00000000,       0.00000000
   6639.39119000,    -999.00000000,   0.00000000e+00,  -8.93576027e-10,       0.00000000,       0.00000000,       0.00000000
   7533.37559000,    -999.00000000,   0.00000000e+00,  -4.02517023e-10,       0.00000000,       0.00000000,       0.00000000
   8522.64521000,    -999.00000000,   0.00000000e+00,  -1.25700142e-10,       0.00000000,       0.00000000,       0.00000000
   9630.44400000,    -999.00000000,   0.00000000e+00,   6.61832726e-11,       0.00000000,       0.00000000,       0.00000000
  10891.39587000,    -999.00000000,   0.00000000e+00,   2.24142536e-10,       0.00000000,       0.00000000,       0.00000000
  11595.16198000,    -999.00000000,   0.00000000e+00,   2.15921979e-10,       0.00000000,       0.00000000,       0.00000000
  12360.33899000,    -999.00000000,   0.00000000e+00,   1.46033724e-10,       0.00000000,       0.00000000,       0.00000000
  13200.78907000,    -999.00000000,   0.00000000e+00,   7.63568011e-11,       0.00000000,       0.00000000,       0.00000000
  14137.29478000,    -999.00000000,   0.00000000e+00,   3.38024046e-11,       0.00000000,       0.00000000,       0.00000000
  15203.21128000,    -999.00000000,   0.00000000e+00,   1.60310075e-11,       0.00000000,       0.00000000,       0.00000000
  16464.01510000,    -999.00000000,   0.00000000e+00,   1.70065379e-11,       0.00000000,       0.00000000,       0.00000000
  18480.66653000,    -999.00000000,   0.00000000e+00,   1.67803224e-11,       0.00000000,       0.00000000,       0.00000000
  20464.78550000,    -999.00000000,   0.00000000e+00,   1.68403572e-11,       0.00000000,       0.00000000,       0.00000000
  10000.00,         29,    1009.32
     86.49869000,    -999.00000000,   0.00000000e+00,  -1.59336883e-08,       0.00000000,       0.00000000,       0.00000000
    308.46164000,    -999.00000000,   0.00000000e+00,  -1.56771877e-08,       0.00000000,       0.00000000,       0.00000000
    534.76550000,    -999.00000000,   0.00000000e+00,  -2.13461870e-08,       0.00000000,       0.00000000,       0.00000000
    765.93153000,    -999.00000000,   0.00000000e+00,  -2.17649291e-08,       0.00000000,       0.00000000,       0.00000000
   1002.34673000,    -999.00000000,   0.00000000e+00,  -1.94359492e-08,       0.00000000,       0.00000000,       0.00000000
   1244.30311000,    -999.00000000,   0.00000000e+00,  -1.72687167e-08,       0.00000000,       0.00000000,       0.00000000
   1492.11444000,    -999.00000000,   0.00000000e+00,  -1.55904919e-08,       0.00000000,       0.00000000,       0.00000000
   1746.06642000,    -999.00000000,   0.00000000e+00,  -1.39637411e-08,       0.00000000,       0.00000000,       0.00000000
   2006.54083000,    -999.00000000,   0.00000000e+00,  -1.20306101e-08,       0.00000000,       0.00000000,       0.00000000
   2273.92745000,    -999.00000000,   0.00000000e+00,  -9.88443970e-09,       0.00000000,       0.00000000,       0.00000000
   2548.64617000,    -999.00000000,   0.00000000e+00,  -7.90151633e-09,       0.00000000,       0.00000000,       0.00000000
   3121.85644000,    -999.00000000,   0.00000000e+00,  -4.76661823e-09,       0.00000000,       0.00000000,       0.00000000
   3730.11646000,    -999.00000000,   0.00000000e+00,  -2.99841483e-09,       0.00000000,       0.00000000,       0.00000000
   4378.12253000,    -999.00000000,   0.00000000e+00,  -4.05199330e-09,       0.00000000,       0.00000000,       0.00000000
   5073.17215000,    -999.00000000,   0.00000000e+00,  -3.12179065e-09,       0.00000000,       0.00000000,       0.00000000
   5823.67210000,    -999.00000000,   0.00000000e+00,  -1.58605404e-09,       0.00000000,       0.00000000,       0.00000000
   6639.39119000,    -999.00000000,   0.00000000e+00,  -8.93576027e-10,       0.00000000,       0.00000000,       0.00000000
   7533.37559000,    -999.00000000,   0.00000000e+00,  -4.02517023e-10,       0.00000000,       0.00000000,       0.00000000
   8522.64521000,    -999.00000000,   0.00000000e+00,  -1.25700142e-10,       0.00000000,       0.00000000,       0.00000000
   9630.44400000,    -999.00000000,   0.00000000e+00,   6.61832726e-11,       0.00000000,       0.00000000,       0.00000000
  10891.39587000,    -999.00000000,   0.00000000e+00,   2.24142536e-10,       0.00000000,       0.00000000,       0.00000000
  11595.16198000,    -999.00000000,   0.00000000e+00,   2.15921979e-10,       0.00000000,       0.00000000,       0.00000000
  12360.33899000,    -999.00000000,   0.00000000e+00,   1.46033724e-10,       0.00000000,       0.00000000,       0.00000000
  13200.78907000,    -999.00000000,   0.00000000e+00,   7.63568011e-11,       0.00000000,       0.00000000,       0.00000000
  14137.29478000,    -999.00000000,   0.00000000e+00,   3.38024046e-11,       0.00000000,       0.00000000,       0.00000000
  15203.21128000,    -999.00000000,   0.00000000e+00,   1.60310075e-11,       0.00000000,       0.00000000,       0.00000000
  16464.01510000,    -999.00000000,   0.00000000e+00,   1.70065379e-11,       0.00000000,       0.00000000,       0.00000000
  18480.66653000,    -999.00000000,   0.00000000e+00,   1.67803224e-11,       0.00000000,       0.00000000,       0.00000000
  20464.78550000,    -999.00000000,   0.00000000e+00,   1.68403572e-11,       0.00000000,       0.00000000,       0.00000000
