  z[m] p[mb] tpls[K/s] qls[kg/kg/s] uls_hor vls_hor wls[m/s]
      0.00,         29,    1009.32
      0086.49869,    -999.00000000,   0.00000000e+00,   1.06224589e-08,       0.00000000,       0.00000000,       0.00000000
      0308.46164,    -999.00000000,   0.00000000e+00,   1.04514585e-08,       0.00000000,       0.00000000,       0.00000000
      0534.76550,    -999.00000000,   0.00000000e+00,   1.42307913e-08,       0.00000000,       0.00000000,       0.00000000
      0765.93153,    -999.00000000,   0.00000000e+00,   1.45099527e-08,       0.00000000,       0.00000000,       0.00000000
      1002.34673,    -999.00000000,   0.00000000e+00,   1.29572995e-08,       0.00000000,       0.00000000,       0.00000000
      1244.30311,    -999.00000000,   0.00000000e+00,   1.15124778e-08,       0.00000000,       0.00000000,       0.00000000
      1492.11444,    -999.00000000,   0.00000000e+00,   1.03936613e-08,       0.00000000,       0.00000000,       0.00000000
      1746.06642,    -999.00000000,   0.00000000e+00,   9.30916073e-09,       0.00000000,       0.00000000,       0.00000000
      2006.54083,    -999.00000000,   0.00000000e+00,   8.02040673e-09,       0.00000000,       0.00000000,       0.00000000
      2273.92745,    -999.00000000,   0.00000000e+00,   6.58962647e-09,       0.00000000,       0.00000000,       0.00000000
      2548.64617,    -999.00000000,   0.00000000e+00,   5.26767755e-09,       0.00000000,       0.00000000,       0.00000000
      3121.85644,    -999.00000000,   0.00000000e+00,   3.17774549e-09,       0.00000000,       0.00000000,       0.00000000
      3730.11646,    -999.00000000,   0.00000000e+00,   1.99894322e-09,       0.00000000,       0.00000000,       0.00000000
      4378.12253,    -999.00000000,   0.00000000e+00,   2.70132887e-09,       0.00000000,       0.00000000,       0.00000000
      5073.17215,    -999.00000000,   0.00000000e+00,   2.08119377e-09,       0.00000000,       0.00000000,       0.00000000
      5823.67210,    -999.00000000,   0.00000000e+00,   1.05736936e-09,       0.00000000,       0.00000000,       0.00000000
      6639.39119,    -999.00000000,   0.00000000e+00,   5.95717351e-10,       0.00000000,       0.00000000,       0.00000000
      7533.37559,    -999.00000000,   0.00000000e+00,   2.68344682e-10,       0.00000000,       0.00000000,       0.00000000
      8522.64521,    -999.00000000,   0.00000000e+00,   8.38000946e-11,       0.00000000,       0.00000000,       0.00000000
      9630.44400,    -999.00000000,   0.00000000e+00,  -4.41221817e-11,       0.00000000,       0.00000000,       0.00000000
     10891.39587,    -999.00000000,   0.00000000e+00,  -1.49428357e-10,       0.00000000,       0.00000000,       0.00000000
     11595.16198,    -999.00000000,   0.00000000e+00,  -1.43947986e-10,       0.00000000,       0.00000000,       0.00000000
     12360.33899,    -999.00000000,   0.00000000e+00,  -9.73558163e-11,       0.00000000,       0.00000000,       0.00000000
     13200.78907,    -999.00000000,   0.00000000e+00,  -5.09045341e-11,       0.00000000,       0.00000000,       0.00000000
     14137.29478,    -999.00000000,   0.00000000e+00,  -2.25349364e-11,       0.00000000,       0.00000000,       0.00000000
     15203.21128,    -999.00000000,   0.00000000e+00,  -1.06873383e-11,       0.00000000,       0.00000000,       0.00000000
     16464.01510,    -999.00000000,   0.00000000e+00,  -1.13376919e-11,       0.00000000,       0.00000000,       0.00000000
     18480.66653,    -999.00000000,   0.00000000e+00,  -1.11868816e-11,       0.00000000,       0.00000000,       0.00000000
     20464.78550,    -999.00000000,   0.00000000e+00,  -1.12269048e-11,       0.00000000,       0.00000000,       0.00000000
  10000.00,         29,    1009.32
      0086.49869,    -999.00000000,   0.00000000e+00,   1.06224589e-08,       0.00000000,       0.00000000,       0.00000000
      0308.46164,    -999.00000000,   0.00000000e+00,   1.04514585e-08,       0.00000000,       0.00000000,       0.00000000
      0534.76550,    -999.00000000,   0.00000000e+00,   1.42307913e-08,       0.00000000,       0.00000000,       0.00000000
      0765.93153,    -999.00000000,   0.00000000e+00,   1.45099527e-08,       0.00000000,       0.00000000,       0.00000000
      1002.34673,    -999.00000000,   0.00000000e+00,   1.29572995e-08,       0.00000000,       0.00000000,       0.00000000
      1244.30311,    -999.00000000,   0.00000000e+00,   1.15124778e-08,       0.00000000,       0.00000000,       0.00000000
      1492.11444,    -999.00000000,   0.00000000e+00,   1.03936613e-08,       0.00000000,       0.00000000,       0.00000000
      1746.06642,    -999.00000000,   0.00000000e+00,   9.30916073e-09,       0.00000000,       0.00000000,       0.00000000
      2006.54083,    -999.00000000,   0.00000000e+00,   8.02040673e-09,       0.00000000,       0.00000000,       0.00000000
      2273.92745,    -999.00000000,   0.00000000e+00,   6.58962647e-09,       0.00000000,       0.00000000,       0.00000000
      2548.64617,    -999.00000000,   0.00000000e+00,   5.26767755e-09,       0.00000000,       0.00000000,       0.00000000
      3121.85644,    -999.00000000,   0.00000000e+00,   3.17774549e-09,       0.00000000,       0.00000000,       0.00000000
      3730.11646,    -999.00000000,   0.00000000e+00,   1.99894322e-09,       0.00000000,       0.00000000,       0.00000000
      4378.12253,    -999.00000000,   0.00000000e+00,   2.70132887e-09,       0.00000000,       0.00000000,       0.00000000
      5073.17215,    -999.00000000,   0.00000000e+00,   2.08119377e-09,       0.00000000,       0.00000000,       0.00000000
      5823.67210,    -999.00000000,   0.00000000e+00,   1.05736936e-09,       0.00000000,       0.00000000,       0.00000000
      6639.39119,    -999.00000000,   0.00000000e+00,   5.95717351e-10,       0.00000000,       0.00000000,       0.00000000
      7533.37559,    -999.00000000,   0.00000000e+00,   2.68344682e-10,       0.00000000,       0.00000000,       0.00000000
      8522.64521,    -999.00000000,   0.00000000e+00,   8.38000946e-11,       0.00000000,       0.00000000,       0.00000000
      9630.44400,    -999.00000000,   0.00000000e+00,  -4.41221817e-11,       0.00000000,       0.00000000,       0.00000000
     10891.39587,    -999.00000000,   0.00000000e+00,  -1.49428357e-10,       0.00000000,       0.00000000,       0.00000000
     11595.16198,    -999.00000000,   0.00000000e+00,  -1.43947986e-10,       0.00000000,       0.00000000,       0.00000000
     12360.33899,    -999.00000000,   0.00000000e+00,  -9.73558163e-11,       0.00000000,       0.00000000,       0.00000000
     13200.78907,    -999.00000000,   0.00000000e+00,  -5.09045341e-11,       0.00000000,       0.00000000,       0.00000000
     14137.29478,    -999.00000000,   0.00000000e+00,  -2.25349364e-11,       0.00000000,       0.00000000,       0.00000000
     15203.21128,    -999.00000000,   0.00000000e+00,  -1.06873383e-11,       0.00000000,       0.00000000,       0.00000000
     16464.01510,    -999.00000000,   0.00000000e+00,  -1.13376919e-11,       0.00000000,       0.00000000,       0.00000000
     18480.66653,    -999.00000000,   0.00000000e+00,  -1.11868816e-11,       0.00000000,       0.00000000,       0.00000000
     20464.78550,    -999.00000000,   0.00000000e+00,  -1.12269048e-11,       0.00000000,       0.00000000,       0.00000000
