  z[m] p[mb] tpls[K/s] qls[kg/kg/s] uls_hor vls_hor wls[m/s]
      0.00,         29,    1009.32
      0.08649869,    -999.00000000,   0.00000000e+00,   2.12449178e-08,       0.00000000,       0.00000000,       0.00000000
      0.30846164,    -999.00000000,   0.00000000e+00,   2.09029171e-08,       0.00000000,       0.00000000,       0.00000000
      0.53476550,    -999.00000000,   0.00000000e+00,   2.84615827e-08,       0.00000000,       0.00000000,       0.00000000
      0.76593153,    -999.00000000,   0.00000000e+00,   2.90199054e-08,       0.00000000,       0.00000000,       0.00000000
      1.00234673,    -999.00000000,   0.00000000e+00,   2.59145990e-08,       0.00000000,       0.00000000,       0.00000000
      1.24430311,    -999.00000000,   0.00000000e+00,   2.30249557e-08,       0.00000000,       0.00000000,       0.00000000
      1.49211444,    -999.00000000,   0.00000000e+00,   2.07873227e-08,       0.00000000,       0.00000000,       0.00000000
      1.74606642,    -999.00000000,   0.00000000e+00,   1.86183215e-08,       0.00000000,       0.00000000,       0.00000000
      2.00654083,    -999.00000000,   0.00000000e+00,   1.60408135e-08,       0.00000000,       0.00000000,       0.00000000
      2.27392745,    -999.00000000,   0.00000000e+00,   1.31792529e-08,       0.00000000,       0.00000000,       0.00000000
      2.54864617,    -999.00000000,   0.00000000e+00,   1.05353551e-08,       0.00000000,       0.00000000,       0.00000000
      3.12185644,    -999.00000000,   0.00000000e+00,   6.35549098e-09,       0.00000000,       0.00000000,       0.00000000
      3.73011646,    -999.00000000,   0.00000000e+00,   3.99788643e-09,       0.00000000,       0.00000000,       0.00000000
      4.37812253,    -999.00000000,   0.00000000e+00,   5.40265773e-09,       0.00000000,       0.00000000,       0.00000000
      5.07317215,    -999.00000000,   0.00000000e+00,   4.16238755e-09,       0.00000000,       0.00000000,       0.00000000
      5.82367210,    -999.00000000,   0.00000000e+00,   2.11473872e-09,       0.00000000,       0.00000000,       0.00000000
      6.63939119,    -999.00000000,   0.00000000e+00,   1.19143470e-09,       0.00000000,       0.00000000,       0.00000000
      7.53337559,    -999.00000000,   0.00000000e+00,   5.36689363e-10,       0.00000000,       0.00000000,       0.00000000
      8.52264521,    -999.00000000,   0.00000000e+00,   1.67600189e-10,       0.00000000,       0.00000000,       0.00000000
      9.63044400,    -999.00000000,   0.00000000e+00,  -8.82443635e-11,       0.00000000,       0.00000000,       0.00000000
     10.89139587,    -999.00000000,   0.00000000e+00,  -2.98856714e-10,       0.00000000,       0.00000000,       0.00000000
     11.59516198,    -999.00000000,   0.00000000e+00,  -2.87895973e-10,       0.00000000,       0.00000000,       0.00000000
     12.36033899,    -999.00000000,   0.00000000e+00,  -1.94711633e-10,       0.00000000,       0.00000000,       0.00000000
     13.20078907,    -999.00000000,   0.00000000e+00,  -1.01809068e-10,       0.00000000,       0.00000000,       0.00000000
     14.13729478,    -999.00000000,   0.00000000e+00,  -4.50698727e-11,       0.00000000,       0.00000000,       0.00000000
     15.20321128,    -999.00000000,   0.00000000e+00,  -2.13746766e-11,       0.00000000,       0.00000000,       0.00000000
     16.46401510,    -999.00000000,   0.00000000e+00,  -2.26753839e-11,       0.00000000,       0.00000000,       0.00000000
     18.48066653,    -999.00000000,   0.00000000e+00,  -2.23737633e-11,       0.00000000,       0.00000000,       0.00000000
     20.46478550,    -999.00000000,   0.00000000e+00,  -2.24538096e-11,       0.00000000,       0.00000000,       0.00000000
  10000.00,         29,    1009.32
      0.08649869,    -999.00000000,   0.00000000e+00,   2.12449178e-08,       0.00000000,       0.00000000,       0.00000000
      0.30846164,    -999.00000000,   0.00000000e+00,   2.09029171e-08,       0.00000000,       0.00000000,       0.00000000
      0.53476550,    -999.00000000,   0.00000000e+00,   2.84615827e-08,       0.00000000,       0.00000000,       0.00000000
      0.76593153,    -999.00000000,   0.00000000e+00,   2.90199054e-08,       0.00000000,       0.00000000,       0.00000000
      1.00234673,    -999.00000000,   0.00000000e+00,   2.59145990e-08,       0.00000000,       0.00000000,       0.00000000
      1.24430311,    -999.00000000,   0.00000000e+00,   2.30249557e-08,       0.00000000,       0.00000000,       0.00000000
      1.49211444,    -999.00000000,   0.00000000e+00,   2.07873227e-08,       0.00000000,       0.00000000,       0.00000000
      1.74606642,    -999.00000000,   0.00000000e+00,   1.86183215e-08,       0.00000000,       0.00000000,       0.00000000
      2.00654083,    -999.00000000,   0.00000000e+00,   1.60408135e-08,       0.00000000,       0.00000000,       0.00000000
      2.27392745,    -999.00000000,   0.00000000e+00,   1.31792529e-08,       0.00000000,       0.00000000,       0.00000000
      2.54864617,    -999.00000000,   0.00000000e+00,   1.05353551e-08,       0.00000000,       0.00000000,       0.00000000
      3.12185644,    -999.00000000,   0.00000000e+00,   6.35549098e-09,       0.00000000,       0.00000000,       0.00000000
      3.73011646,    -999.00000000,   0.00000000e+00,   3.99788643e-09,       0.00000000,       0.00000000,       0.00000000
      4.37812253,    -999.00000000,   0.00000000e+00,   5.40265773e-09,       0.00000000,       0.00000000,       0.00000000
      5.07317215,    -999.00000000,   0.00000000e+00,   4.16238755e-09,       0.00000000,       0.00000000,       0.00000000
      5.82367210,    -999.00000000,   0.00000000e+00,   2.11473872e-09,       0.00000000,       0.00000000,       0.00000000
      6.63939119,    -999.00000000,   0.00000000e+00,   1.19143470e-09,       0.00000000,       0.00000000,       0.00000000
      7.53337559,    -999.00000000,   0.00000000e+00,   5.36689363e-10,       0.00000000,       0.00000000,       0.00000000
      8.52264521,    -999.00000000,   0.00000000e+00,   1.67600189e-10,       0.00000000,       0.00000000,       0.00000000
      9.63044400,    -999.00000000,   0.00000000e+00,  -8.82443635e-11,       0.00000000,       0.00000000,       0.00000000
     10.89139587,    -999.00000000,   0.00000000e+00,  -2.98856714e-10,       0.00000000,       0.00000000,       0.00000000
     11.59516198,    -999.00000000,   0.00000000e+00,  -2.87895973e-10,       0.00000000,       0.00000000,       0.00000000
     12.36033899,    -999.00000000,   0.00000000e+00,  -1.94711633e-10,       0.00000000,       0.00000000,       0.00000000
     13.20078907,    -999.00000000,   0.00000000e+00,  -1.01809068e-10,       0.00000000,       0.00000000,       0.00000000
     14.13729478,    -999.00000000,   0.00000000e+00,  -4.50698727e-11,       0.00000000,       0.00000000,       0.00000000
     15.20321128,    -999.00000000,   0.00000000e+00,  -2.13746766e-11,       0.00000000,       0.00000000,       0.00000000
     16.46401510,    -999.00000000,   0.00000000e+00,  -2.26753839e-11,       0.00000000,       0.00000000,       0.00000000
     18.48066653,    -999.00000000,   0.00000000e+00,  -2.23737633e-11,       0.00000000,       0.00000000,       0.00000000
     20.46478550,    -999.00000000,   0.00000000e+00,  -2.24538096e-11,       0.00000000,       0.00000000,       0.00000000
