  z[m] p[mb] tpls[K/s] qls[kg/kg/s] uls_hor vls_hor wls[m/s]
      0.00,         29,    1009.32
      0086.49869,    -999.00000000,   0.00000000e+00,   6.37347533e-08,       0.00000000,       0.00000000,       0.00000000
      0308.46164,    -999.00000000,   0.00000000e+00,   6.27087512e-08,       0.00000000,       0.00000000,       0.00000000
      0534.76550,    -999.00000000,   0.00000000e+00,   8.53847480e-08,       0.00000000,       0.00000000,       0.00000000
      0765.93153,    -999.00000000,   0.00000000e+00,   8.70597161e-08,       0.00000000,       0.00000000,       0.00000000
      1002.34673,    -999.00000000,   0.00000000e+00,   7.77437969e-08,       0.00000000,       0.00000000,       0.00000000
      1244.30311,    -999.00000000,   0.00000000e+00,   6.90748671e-08,       0.00000000,       0.00000000,       0.00000000
      1492.11444,    -999.00000000,   0.00000000e+00,   6.23619680e-08,       0.00000000,       0.00000000,       0.00000000
      1746.06642,    -999.00000000,   0.00000000e+00,   5.58549644e-08,       0.00000000,       0.00000000,       0.00000000
      2006.54083,    -999.00000000,   0.00000000e+00,   4.81224404e-08,       0.00000000,       0.00000000,       0.00000000
      2273.92745,    -999.00000000,   0.00000000e+00,   3.95377588e-08,       0.00000000,       0.00000000,       0.00000000
      2548.64617,    -999.00000000,   0.00000000e+00,   3.16060653e-08,       0.00000000,       0.00000000,       0.00000000
      3121.85644,    -999.00000000,   0.00000000e+00,   1.90664729e-08,       0.00000000,       0.00000000,       0.00000000
      3730.11646,    -999.00000000,   0.00000000e+00,   1.19936593e-08,       0.00000000,       0.00000000,       0.00000000
      4378.12253,    -999.00000000,   0.00000000e+00,   1.62079732e-08,       0.00000000,       0.00000000,       0.00000000
      5073.17215,    -999.00000000,   0.00000000e+00,   1.24871626e-08,       0.00000000,       0.00000000,       0.00000000
      5823.67210,    -999.00000000,   0.00000000e+00,   6.34421616e-09,       0.00000000,       0.00000000,       0.00000000
      6639.39119,    -999.00000000,   0.00000000e+00,   3.57430411e-09,       0.00000000,       0.00000000,       0.00000000
      7533.37559,    -999.00000000,   0.00000000e+00,   1.61006809e-09,       0.00000000,       0.00000000,       0.00000000
      8522.64521,    -999.00000000,   0.00000000e+00,   5.02800568e-10,       0.00000000,       0.00000000,       0.00000000
      9630.44400,    -999.00000000,   0.00000000e+00,  -2.64733090e-10,       0.00000000,       0.00000000,       0.00000000
     10891.39587,    -999.00000000,   0.00000000e+00,  -8.96570141e-10,       0.00000000,       0.00000000,       0.00000000
     11595.16198,    -999.00000000,   0.00000000e+00,  -8.63687918e-10,       0.00000000,       0.00000000,       0.00000000
     12360.33899,    -999.00000000,   0.00000000e+00,  -5.84134898e-10,       0.00000000,       0.00000000,       0.00000000
     13200.78907,    -999.00000000,   0.00000000e+00,  -3.05427205e-10,       0.00000000,       0.00000000,       0.00000000
     14137.29478,    -999.00000000,   0.00000000e+00,  -1.35209618e-10,       0.00000000,       0.00000000,       0.00000000
     15203.21128,    -999.00000000,   0.00000000e+00,  -6.41240297e-11,       0.00000000,       0.00000000,       0.00000000
     16464.01510,    -999.00000000,   0.00000000e+00,  -6.80261516e-11,       0.00000000,       0.00000000,       0.00000000
     18480.66653,    -999.00000000,   0.00000000e+00,  -6.71212898e-11,       0.00000000,       0.00000000,       0.00000000
     20464.78550,    -999.00000000,   0.00000000e+00,  -6.73614288e-11,       0.00000000,       0.00000000,       0.00000000
  10000.00,         29,    1009.32
      0086.49869,    -999.00000000,   0.00000000e+00,   6.37347533e-08,       0.00000000,       0.00000000,       0.00000000
      0308.46164,    -999.00000000,   0.00000000e+00,   6.27087512e-08,       0.00000000,       0.00000000,       0.00000000
      0534.76550,    -999.00000000,   0.00000000e+00,   8.53847480e-08,       0.00000000,       0.00000000,       0.00000000
      0765.93153,    -999.00000000,   0.00000000e+00,   8.70597161e-08,       0.00000000,       0.00000000,       0.00000000
      1002.34673,    -999.00000000,   0.00000000e+00,   7.77437969e-08,       0.00000000,       0.00000000,       0.00000000
      1244.30311,    -999.00000000,   0.00000000e+00,   6.90748671e-08,       0.00000000,       0.00000000,       0.00000000
      1492.11444,    -999.00000000,   0.00000000e+00,   6.23619680e-08,       0.00000000,       0.00000000,       0.00000000
      1746.06642,    -999.00000000,   0.00000000e+00,   5.58549644e-08,       0.00000000,       0.00000000,       0.00000000
      2006.54083,    -999.00000000,   0.00000000e+00,   4.81224404e-08,       0.00000000,       0.00000000,       0.00000000
      2273.92745,    -999.00000000,   0.00000000e+00,   3.95377588e-08,       0.00000000,       0.00000000,       0.00000000
      2548.64617,    -999.00000000,   0.00000000e+00,   3.16060653e-08,       0.00000000,       0.00000000,       0.00000000
      3121.85644,    -999.00000000,   0.00000000e+00,   1.90664729e-08,       0.00000000,       0.00000000,       0.00000000
      3730.11646,    -999.00000000,   0.00000000e+00,   1.19936593e-08,       0.00000000,       0.00000000,       0.00000000
      4378.12253,    -999.00000000,   0.00000000e+00,   1.62079732e-08,       0.00000000,       0.00000000,       0.00000000
      5073.17215,    -999.00000000,   0.00000000e+00,   1.24871626e-08,       0.00000000,       0.00000000,       0.00000000
      5823.67210,    -999.00000000,   0.00000000e+00,   6.34421616e-09,       0.00000000,       0.00000000,       0.00000000
      6639.39119,    -999.00000000,   0.00000000e+00,   3.57430411e-09,       0.00000000,       0.00000000,       0.00000000
      7533.37559,    -999.00000000,   0.00000000e+00,   1.61006809e-09,       0.00000000,       0.00000000,       0.00000000
      8522.64521,    -999.00000000,   0.00000000e+00,   5.02800568e-10,       0.00000000,       0.00000000,       0.00000000
      9630.44400,    -999.00000000,   0.00000000e+00,  -2.64733090e-10,       0.00000000,       0.00000000,       0.00000000
     10891.39587,    -999.00000000,   0.00000000e+00,  -8.96570141e-10,       0.00000000,       0.00000000,       0.00000000
     11595.16198,    -999.00000000,   0.00000000e+00,  -8.63687918e-10,       0.00000000,       0.00000000,       0.00000000
     12360.33899,    -999.00000000,   0.00000000e+00,  -5.84134898e-10,       0.00000000,       0.00000000,       0.00000000
     13200.78907,    -999.00000000,   0.00000000e+00,  -3.05427205e-10,       0.00000000,       0.00000000,       0.00000000
     14137.29478,    -999.00000000,   0.00000000e+00,  -1.35209618e-10,       0.00000000,       0.00000000,       0.00000000
     15203.21128,    -999.00000000,   0.00000000e+00,  -6.41240297e-11,       0.00000000,       0.00000000,       0.00000000
     16464.01510,    -999.00000000,   0.00000000e+00,  -6.80261516e-11,       0.00000000,       0.00000000,       0.00000000
     18480.66653,    -999.00000000,   0.00000000e+00,  -6.71212898e-11,       0.00000000,       0.00000000,       0.00000000
     20464.78550,    -999.00000000,   0.00000000e+00,  -6.73614288e-11,       0.00000000,       0.00000000,       0.00000000
