  z[m] p[mb] tpls[K/s] qls[kg/kg/s] uls_hor vls_hor wls[m/s]
      0.00,         29,    1009.32
      0.08649869,    -999.00000000,   0.00000000e+00,   8.49796710e-08,       0.00000000,       0.00000000,       0.00000000
      0.30846164,    -999.00000000,   0.00000000e+00,   8.36116683e-08,       0.00000000,       0.00000000,       0.00000000
      0.53476550,    -999.00000000,   0.00000000e+00,   1.13846331e-07,       0.00000000,       0.00000000,       0.00000000
      0.76593153,    -999.00000000,   0.00000000e+00,   1.16079621e-07,       0.00000000,       0.00000000,       0.00000000
      1.00234673,    -999.00000000,   0.00000000e+00,   1.03658396e-07,       0.00000000,       0.00000000,       0.00000000
      1.24430311,    -999.00000000,   0.00000000e+00,   9.20998228e-08,       0.00000000,       0.00000000,       0.00000000
      1.49211444,    -999.00000000,   0.00000000e+00,   8.31492907e-08,       0.00000000,       0.00000000,       0.00000000
      1.74606642,    -999.00000000,   0.00000000e+00,   7.44732858e-08,       0.00000000,       0.00000000,       0.00000000
      2.00654083,    -999.00000000,   0.00000000e+00,   6.41632539e-08,       0.00000000,       0.00000000,       0.00000000
      2.27392745,    -999.00000000,   0.00000000e+00,   5.27170118e-08,       0.00000000,       0.00000000,       0.00000000
      2.54864617,    -999.00000000,   0.00000000e+00,   4.21414204e-08,       0.00000000,       0.00000000,       0.00000000
      3.12185644,    -999.00000000,   0.00000000e+00,   2.54219639e-08,       0.00000000,       0.00000000,       0.00000000
      3.73011646,    -999.00000000,   0.00000000e+00,   1.59915457e-08,       0.00000000,       0.00000000,       0.00000000
      4.37812253,    -999.00000000,   0.00000000e+00,   2.16106309e-08,       0.00000000,       0.00000000,       0.00000000
      5.07317215,    -999.00000000,   0.00000000e+00,   1.66495502e-08,       0.00000000,       0.00000000,       0.00000000
      5.82367210,    -999.00000000,   0.00000000e+00,   8.45895489e-09,       0.00000000,       0.00000000,       0.00000000
      6.63939119,    -999.00000000,   0.00000000e+00,   4.76573881e-09,       0.00000000,       0.00000000,       0.00000000
      7.53337559,    -999.00000000,   0.00000000e+00,   2.14675745e-09,       0.00000000,       0.00000000,       0.00000000
      8.52264521,    -999.00000000,   0.00000000e+00,   6.70400757e-10,       0.00000000,       0.00000000,       0.00000000
      9.63044400,    -999.00000000,   0.00000000e+00,  -3.52977454e-10,       0.00000000,       0.00000000,       0.00000000
     10.89139587,    -999.00000000,   0.00000000e+00,  -1.19542685e-09,       0.00000000,       0.00000000,       0.00000000
     11.59516198,    -999.00000000,   0.00000000e+00,  -1.15158389e-09,       0.00000000,       0.00000000,       0.00000000
     12.36033899,    -999.00000000,   0.00000000e+00,  -7.78846530e-10,       0.00000000,       0.00000000,       0.00000000
     13.20078907,    -999.00000000,   0.00000000e+00,  -4.07236273e-10,       0.00000000,       0.00000000,       0.00000000
     14.13729478,    -999.00000000,   0.00000000e+00,  -1.80279491e-10,       0.00000000,       0.00000000,       0.00000000
     15.20321128,    -999.00000000,   0.00000000e+00,  -8.54987063e-11,       0.00000000,       0.00000000,       0.00000000
     16.46401510,    -999.00000000,   0.00000000e+00,  -9.07015354e-11,       0.00000000,       0.00000000,       0.00000000
     18.48066653,    -999.00000000,   0.00000000e+00,  -8.94950530e-11,       0.00000000,       0.00000000,       0.00000000
     20.46478550,    -999.00000000,   0.00000000e+00,  -8.98152384e-11,       0.00000000,       0.00000000,       0.00000000
  10000.00,         29,    1009.32
      0.08649869,    -999.00000000,   0.00000000e+00,   8.49796710e-08,       0.00000000,       0.00000000,       0.00000000
      0.30846164,    -999.00000000,   0.00000000e+00,   8.36116683e-08,       0.00000000,       0.00000000,       0.00000000
      0.53476550,    -999.00000000,   0.00000000e+00,   1.13846331e-07,       0.00000000,       0.00000000,       0.00000000
      0.76593153,    -999.00000000,   0.00000000e+00,   1.16079621e-07,       0.00000000,       0.00000000,       0.00000000
      1.00234673,    -999.00000000,   0.00000000e+00,   1.03658396e-07,       0.00000000,       0.00000000,       0.00000000
      1.24430311,    -999.00000000,   0.00000000e+00,   9.20998228e-08,       0.00000000,       0.00000000,       0.00000000
      1.49211444,    -999.00000000,   0.00000000e+00,   8.31492907e-08,       0.00000000,       0.00000000,       0.00000000
      1.74606642,    -999.00000000,   0.00000000e+00,   7.44732858e-08,       0.00000000,       0.00000000,       0.00000000
      2.00654083,    -999.00000000,   0.00000000e+00,   6.41632539e-08,       0.00000000,       0.00000000,       0.00000000
      2.27392745,    -999.00000000,   0.00000000e+00,   5.27170118e-08,       0.00000000,       0.00000000,       0.00000000
      2.54864617,    -999.00000000,   0.00000000e+00,   4.21414204e-08,       0.00000000,       0.00000000,       0.00000000
      3.12185644,    -999.00000000,   0.00000000e+00,   2.54219639e-08,       0.00000000,       0.00000000,       0.00000000
      3.73011646,    -999.00000000,   0.00000000e+00,   1.59915457e-08,       0.00000000,       0.00000000,       0.00000000
      4.37812253,    -999.00000000,   0.00000000e+00,   2.16106309e-08,       0.00000000,       0.00000000,       0.00000000
      5.07317215,    -999.00000000,   0.00000000e+00,   1.66495502e-08,       0.00000000,       0.00000000,       0.00000000
      5.82367210,    -999.00000000,   0.00000000e+00,   8.45895489e-09,       0.00000000,       0.00000000,       0.00000000
      6.63939119,    -999.00000000,   0.00000000e+00,   4.76573881e-09,       0.00000000,       0.00000000,       0.00000000
      7.53337559,    -999.00000000,   0.00000000e+00,   2.14675745e-09,       0.00000000,       0.00000000,       0.00000000
      8.52264521,    -999.00000000,   0.00000000e+00,   6.70400757e-10,       0.00000000,       0.00000000,       0.00000000
      9.63044400,    -999.00000000,   0.00000000e+00,  -3.52977454e-10,       0.00000000,       0.00000000,       0.00000000
     10.89139587,    -999.00000000,   0.00000000e+00,  -1.19542685e-09,       0.00000000,       0.00000000,       0.00000000
     11.59516198,    -999.00000000,   0.00000000e+00,  -1.15158389e-09,       0.00000000,       0.00000000,       0.00000000
     12.36033899,    -999.00000000,   0.00000000e+00,  -7.78846530e-10,       0.00000000,       0.00000000,       0.00000000
     13.20078907,    -999.00000000,   0.00000000e+00,  -4.07236273e-10,       0.00000000,       0.00000000,       0.00000000
     14.13729478,    -999.00000000,   0.00000000e+00,  -1.80279491e-10,       0.00000000,       0.00000000,       0.00000000
     15.20321128,    -999.00000000,   0.00000000e+00,  -8.54987063e-11,       0.00000000,       0.00000000,       0.00000000
     16.46401510,    -999.00000000,   0.00000000e+00,  -9.07015354e-11,       0.00000000,       0.00000000,       0.00000000
     18.48066653,    -999.00000000,   0.00000000e+00,  -8.94950530e-11,       0.00000000,       0.00000000,       0.00000000
     20.46478550,    -999.00000000,   0.00000000e+00,  -8.98152384e-11,       0.00000000,       0.00000000,       0.00000000
