  z[m] p[mb] tpls[K/s] qls[kg/kg/s] uls_hor vls_hor wls[m/s]
      0.00,         29,    1009.32
      0.08649869,    -999.00000000,   0.00000000e+00,   1.27469507e-07,       0.00000000,       0.00000000,       0.00000000
      0.30846164,    -999.00000000,   0.00000000e+00,   1.25417502e-07,       0.00000000,       0.00000000,       0.00000000
      0.53476550,    -999.00000000,   0.00000000e+00,   1.70769496e-07,       0.00000000,       0.00000000,       0.00000000
      0.76593153,    -999.00000000,   0.00000000e+00,   1.74119432e-07,       0.00000000,       0.00000000,       0.00000000
      1.00234673,    -999.00000000,   0.00000000e+00,   1.55487594e-07,       0.00000000,       0.00000000,       0.00000000
      1.24430311,    -999.00000000,   0.00000000e+00,   1.38149734e-07,       0.00000000,       0.00000000,       0.00000000
      1.49211444,    -999.00000000,   0.00000000e+00,   1.24723936e-07,       0.00000000,       0.00000000,       0.00000000
      1.74606642,    -999.00000000,   0.00000000e+00,   1.11709929e-07,       0.00000000,       0.00000000,       0.00000000
      2.00654083,    -999.00000000,   0.00000000e+00,   9.62448808e-08,       0.00000000,       0.00000000,       0.00000000
      2.27392745,    -999.00000000,   0.00000000e+00,   7.90755177e-08,       0.00000000,       0.00000000,       0.00000000
      2.54864617,    -999.00000000,   0.00000000e+00,   6.32121306e-08,       0.00000000,       0.00000000,       0.00000000
      3.12185644,    -999.00000000,   0.00000000e+00,   3.81329459e-08,       0.00000000,       0.00000000,       0.00000000
      3.73011646,    -999.00000000,   0.00000000e+00,   2.39873186e-08,       0.00000000,       0.00000000,       0.00000000
      4.37812253,    -999.00000000,   0.00000000e+00,   3.24159464e-08,       0.00000000,       0.00000000,       0.00000000
      5.07317215,    -999.00000000,   0.00000000e+00,   2.49743253e-08,       0.00000000,       0.00000000,       0.00000000
      5.82367210,    -999.00000000,   0.00000000e+00,   1.26884323e-08,       0.00000000,       0.00000000,       0.00000000
      6.63939119,    -999.00000000,   0.00000000e+00,   7.14860822e-09,       0.00000000,       0.00000000,       0.00000000
      7.53337559,    -999.00000000,   0.00000000e+00,   3.22013618e-09,       0.00000000,       0.00000000,       0.00000000
      8.52264521,    -999.00000000,   0.00000000e+00,   1.00560114e-09,       0.00000000,       0.00000000,       0.00000000
      9.63044400,    -999.00000000,   0.00000000e+00,  -5.29466181e-10,       0.00000000,       0.00000000,       0.00000000
     10.89139587,    -999.00000000,   0.00000000e+00,  -1.79314028e-09,       0.00000000,       0.00000000,       0.00000000
     11.59516198,    -999.00000000,   0.00000000e+00,  -1.72737584e-09,       0.00000000,       0.00000000,       0.00000000
     12.36033899,    -999.00000000,   0.00000000e+00,  -1.16826980e-09,       0.00000000,       0.00000000,       0.00000000
     13.20078907,    -999.00000000,   0.00000000e+00,  -6.10854409e-10,       0.00000000,       0.00000000,       0.00000000
     14.13729478,    -999.00000000,   0.00000000e+00,  -2.70419236e-10,       0.00000000,       0.00000000,       0.00000000
     15.20321128,    -999.00000000,   0.00000000e+00,  -1.28248059e-10,       0.00000000,       0.00000000,       0.00000000
     16.46401510,    -999.00000000,   0.00000000e+00,  -1.36052303e-10,       0.00000000,       0.00000000,       0.00000000
     18.48066653,    -999.00000000,   0.00000000e+00,  -1.34242580e-10,       0.00000000,       0.00000000,       0.00000000
     20.46478550,    -999.00000000,   0.00000000e+00,  -1.34722858e-10,       0.00000000,       0.00000000,       0.00000000
  10000.00,         29,    1009.32
      0.08649869,    -999.00000000,   0.00000000e+00,   1.27469507e-07,       0.00000000,       0.00000000,       0.00000000
      0.30846164,    -999.00000000,   0.00000000e+00,   1.25417502e-07,       0.00000000,       0.00000000,       0.00000000
      0.53476550,    -999.00000000,   0.00000000e+00,   1.70769496e-07,       0.00000000,       0.00000000,       0.00000000
      0.76593153,    -999.00000000,   0.00000000e+00,   1.74119432e-07,       0.00000000,       0.00000000,       0.00000000
      1.00234673,    -999.00000000,   0.00000000e+00,   1.55487594e-07,       0.00000000,       0.00000000,       0.00000000
      1.24430311,    -999.00000000,   0.00000000e+00,   1.38149734e-07,       0.00000000,       0.00000000,       0.00000000
      1.49211444,    -999.00000000,   0.00000000e+00,   1.24723936e-07,       0.00000000,       0.00000000,       0.00000000
      1.74606642,    -999.00000000,   0.00000000e+00,   1.11709929e-07,       0.00000000,       0.00000000,       0.00000000
      2.00654083,    -999.00000000,   0.00000000e+00,   9.62448808e-08,       0.00000000,       0.00000000,       0.00000000
      2.27392745,    -999.00000000,   0.00000000e+00,   7.90755177e-08,       0.00000000,       0.00000000,       0.00000000
      2.54864617,    -999.00000000,   0.00000000e+00,   6.32121306e-08,       0.00000000,       0.00000000,       0.00000000
      3.12185644,    -999.00000000,   0.00000000e+00,   3.81329459e-08,       0.00000000,       0.00000000,       0.00000000
      3.73011646,    -999.00000000,   0.00000000e+00,   2.39873186e-08,       0.00000000,       0.00000000,       0.00000000
      4.37812253,    -999.00000000,   0.00000000e+00,   3.24159464e-08,       0.00000000,       0.00000000,       0.00000000
      5.07317215,    -999.00000000,   0.00000000e+00,   2.49743253e-08,       0.00000000,       0.00000000,       0.00000000
      5.82367210,    -999.00000000,   0.00000000e+00,   1.26884323e-08,       0.00000000,       0.00000000,       0.00000000
      6.63939119,    -999.00000000,   0.00000000e+00,   7.14860822e-09,       0.00000000,       0.00000000,       0.00000000
      7.53337559,    -999.00000000,   0.00000000e+00,   3.22013618e-09,       0.00000000,       0.00000000,       0.00000000
      8.52264521,    -999.00000000,   0.00000000e+00,   1.00560114e-09,       0.00000000,       0.00000000,       0.00000000
      9.63044400,    -999.00000000,   0.00000000e+00,  -5.29466181e-10,       0.00000000,       0.00000000,       0.00000000
     10.89139587,    -999.00000000,   0.00000000e+00,  -1.79314028e-09,       0.00000000,       0.00000000,       0.00000000
     11.59516198,    -999.00000000,   0.00000000e+00,  -1.72737584e-09,       0.00000000,       0.00000000,       0.00000000
     12.36033899,    -999.00000000,   0.00000000e+00,  -1.16826980e-09,       0.00000000,       0.00000000,       0.00000000
     13.20078907,    -999.00000000,   0.00000000e+00,  -6.10854409e-10,       0.00000000,       0.00000000,       0.00000000
     14.13729478,    -999.00000000,   0.00000000e+00,  -2.70419236e-10,       0.00000000,       0.00000000,       0.00000000
     15.20321128,    -999.00000000,   0.00000000e+00,  -1.28248059e-10,       0.00000000,       0.00000000,       0.00000000
     16.46401510,    -999.00000000,   0.00000000e+00,  -1.36052303e-10,       0.00000000,       0.00000000,       0.00000000
     18.48066653,    -999.00000000,   0.00000000e+00,  -1.34242580e-10,       0.00000000,       0.00000000,       0.00000000
     20.46478550,    -999.00000000,   0.00000000e+00,  -1.34722858e-10,       0.00000000,       0.00000000,       0.00000000
