  z[m] p[mb] tpls[K/s] qls[kg/kg/s] uls_hor vls_hor wls[m/s]
      0.00,         29,    1009.32
      0086.49869,    -999.00000000,   0.00000000e+00,   1.59336883e-07,       0.00000000,       0.00000000,       0.00000000
      0308.46164,    -999.00000000,   0.00000000e+00,   1.56771878e-07,       0.00000000,       0.00000000,       0.00000000
      0534.76550,    -999.00000000,   0.00000000e+00,   2.13461870e-07,       0.00000000,       0.00000000,       0.00000000
      0765.93153,    -999.00000000,   0.00000000e+00,   2.17649290e-07,       0.00000000,       0.00000000,       0.00000000
      1002.34673,    -999.00000000,   0.00000000e+00,   1.94359492e-07,       0.00000000,       0.00000000,       0.00000000
      1244.30311,    -999.00000000,   0.00000000e+00,   1.72687168e-07,       0.00000000,       0.00000000,       0.00000000
      1492.11444,    -999.00000000,   0.00000000e+00,   1.55904920e-07,       0.00000000,       0.00000000,       0.00000000
      1746.06642,    -999.00000000,   0.00000000e+00,   1.39637411e-07,       0.00000000,       0.00000000,       0.00000000
      2006.54083,    -999.00000000,   0.00000000e+00,   1.20306101e-07,       0.00000000,       0.00000000,       0.00000000
      2273.92745,    -999.00000000,   0.00000000e+00,   9.88443971e-08,       0.00000000,       0.00000000,       0.00000000
      2548.64617,    -999.00000000,   0.00000000e+00,   7.90151632e-08,       0.00000000,       0.00000000,       0.00000000
      3121.85644,    -999.00000000,   0.00000000e+00,   4.76661823e-08,       0.00000000,       0.00000000,       0.00000000
      3730.11646,    -999.00000000,   0.00000000e+00,   2.99841483e-08,       0.00000000,       0.00000000,       0.00000000
      4378.12253,    -999.00000000,   0.00000000e+00,   4.05199330e-08,       0.00000000,       0.00000000,       0.00000000
      5073.17215,    -999.00000000,   0.00000000e+00,   3.12179066e-08,       0.00000000,       0.00000000,       0.00000000
      5823.67210,    -999.00000000,   0.00000000e+00,   1.58605404e-08,       0.00000000,       0.00000000,       0.00000000
      6639.39119,    -999.00000000,   0.00000000e+00,   8.93576027e-09,       0.00000000,       0.00000000,       0.00000000
      7533.37559,    -999.00000000,   0.00000000e+00,   4.02517022e-09,       0.00000000,       0.00000000,       0.00000000
      8522.64521,    -999.00000000,   0.00000000e+00,   1.25700142e-09,       0.00000000,       0.00000000,       0.00000000
      9630.44400,    -999.00000000,   0.00000000e+00,  -6.61832726e-10,       0.00000000,       0.00000000,       0.00000000
     10891.39587,    -999.00000000,   0.00000000e+00,  -2.24142535e-09,       0.00000000,       0.00000000,       0.00000000
     11595.16198,    -999.00000000,   0.00000000e+00,  -2.15921979e-09,       0.00000000,       0.00000000,       0.00000000
     12360.33899,    -999.00000000,   0.00000000e+00,  -1.46033724e-09,       0.00000000,       0.00000000,       0.00000000
     13200.78907,    -999.00000000,   0.00000000e+00,  -7.63568011e-10,       0.00000000,       0.00000000,       0.00000000
     14137.29478,    -999.00000000,   0.00000000e+00,  -3.38024045e-10,       0.00000000,       0.00000000,       0.00000000
     15203.21128,    -999.00000000,   0.00000000e+00,  -1.60310074e-10,       0.00000000,       0.00000000,       0.00000000
     16464.01510,    -999.00000000,   0.00000000e+00,  -1.70065379e-10,       0.00000000,       0.00000000,       0.00000000
     18480.66653,    -999.00000000,   0.00000000e+00,  -1.67803224e-10,       0.00000000,       0.00000000,       0.00000000
     20464.78550,    -999.00000000,   0.00000000e+00,  -1.68403572e-10,       0.00000000,       0.00000000,       0.00000000
  10000.00,         29,    1009.32
      0086.49869,    -999.00000000,   0.00000000e+00,   1.59336883e-07,       0.00000000,       0.00000000,       0.00000000
      0308.46164,    -999.00000000,   0.00000000e+00,   1.56771878e-07,       0.00000000,       0.00000000,       0.00000000
      0534.76550,    -999.00000000,   0.00000000e+00,   2.13461870e-07,       0.00000000,       0.00000000,       0.00000000
      0765.93153,    -999.00000000,   0.00000000e+00,   2.17649290e-07,       0.00000000,       0.00000000,       0.00000000
      1002.34673,    -999.00000000,   0.00000000e+00,   1.94359492e-07,       0.00000000,       0.00000000,       0.00000000
      1244.30311,    -999.00000000,   0.00000000e+00,   1.72687168e-07,       0.00000000,       0.00000000,       0.00000000
      1492.11444,    -999.00000000,   0.00000000e+00,   1.55904920e-07,       0.00000000,       0.00000000,       0.00000000
      1746.06642,    -999.00000000,   0.00000000e+00,   1.39637411e-07,       0.00000000,       0.00000000,       0.00000000
      2006.54083,    -999.00000000,   0.00000000e+00,   1.20306101e-07,       0.00000000,       0.00000000,       0.00000000
      2273.92745,    -999.00000000,   0.00000000e+00,   9.88443971e-08,       0.00000000,       0.00000000,       0.00000000
      2548.64617,    -999.00000000,   0.00000000e+00,   7.90151632e-08,       0.00000000,       0.00000000,       0.00000000
      3121.85644,    -999.00000000,   0.00000000e+00,   4.76661823e-08,       0.00000000,       0.00000000,       0.00000000
      3730.11646,    -999.00000000,   0.00000000e+00,   2.99841483e-08,       0.00000000,       0.00000000,       0.00000000
      4378.12253,    -999.00000000,   0.00000000e+00,   4.05199330e-08,       0.00000000,       0.00000000,       0.00000000
      5073.17215,    -999.00000000,   0.00000000e+00,   3.12179066e-08,       0.00000000,       0.00000000,       0.00000000
      5823.67210,    -999.00000000,   0.00000000e+00,   1.58605404e-08,       0.00000000,       0.00000000,       0.00000000
      6639.39119,    -999.00000000,   0.00000000e+00,   8.93576027e-09,       0.00000000,       0.00000000,       0.00000000
      7533.37559,    -999.00000000,   0.00000000e+00,   4.02517022e-09,       0.00000000,       0.00000000,       0.00000000
      8522.64521,    -999.00000000,   0.00000000e+00,   1.25700142e-09,       0.00000000,       0.00000000,       0.00000000
      9630.44400,    -999.00000000,   0.00000000e+00,  -6.61832726e-10,       0.00000000,       0.00000000,       0.00000000
     10891.39587,    -999.00000000,   0.00000000e+00,  -2.24142535e-09,       0.00000000,       0.00000000,       0.00000000
     11595.16198,    -999.00000000,   0.00000000e+00,  -2.15921979e-09,       0.00000000,       0.00000000,       0.00000000
     12360.33899,    -999.00000000,   0.00000000e+00,  -1.46033724e-09,       0.00000000,       0.00000000,       0.00000000
     13200.78907,    -999.00000000,   0.00000000e+00,  -7.63568011e-10,       0.00000000,       0.00000000,       0.00000000
     14137.29478,    -999.00000000,   0.00000000e+00,  -3.38024045e-10,       0.00000000,       0.00000000,       0.00000000
     15203.21128,    -999.00000000,   0.00000000e+00,  -1.60310074e-10,       0.00000000,       0.00000000,       0.00000000
     16464.01510,    -999.00000000,   0.00000000e+00,  -1.70065379e-10,       0.00000000,       0.00000000,       0.00000000
     18480.66653,    -999.00000000,   0.00000000e+00,  -1.67803224e-10,       0.00000000,       0.00000000,       0.00000000
     20464.78550,    -999.00000000,   0.00000000e+00,  -1.68403572e-10,       0.00000000,       0.00000000,       0.00000000
