  z[m] p[mb] tpls[K/s] qls[kg/kg/s] uls_hor vls_hor wls[m/s]
      0.00,         29,    1009.32
      0.09092833,    -999.00000000,   0.00000000e+00,  -5.61651045e-08,       0.00000000,       0.00000000,       0.00000000
      0.31092813,    -999.00000000,   0.00000000e+00,  -6.05459091e-08,       0.00000000,       0.00000000,       0.00000000
      0.53677186,    -999.00000000,   0.00000000e+00,  -3.86256316e-08,       0.00000000,       0.00000000,       0.00000000
      0.76821933,    -999.00000000,   0.00000000e+00,  -2.10392375e-08,       0.00000000,       0.00000000,       0.00000000
      1.00523255,    -999.00000000,   0.00000000e+00,  -1.32695886e-08,       0.00000000,       0.00000000,       0.00000000
      1.24790012,    -999.00000000,   0.00000000e+00,  -8.12143279e-09,       0.00000000,       0.00000000,       0.00000000
      1.49646801,    -999.00000000,   0.00000000e+00,  -4.34272005e-09,       0.00000000,       0.00000000,       0.00000000
      1.75116890,    -999.00000000,   0.00000000e+00,  -2.94465989e-09,       0.00000000,       0.00000000,       0.00000000
      2.01240885,    -999.00000000,   0.00000000e+00,  -3.82532734e-09,       0.00000000,       0.00000000,       0.00000000
      2.28052443,    -999.00000000,   0.00000000e+00,  -5.87832586e-09,       0.00000000,       0.00000000,       0.00000000
      2.55593465,    -999.00000000,   0.00000000e+00,  -7.64375822e-09,       0.00000000,       0.00000000,       0.00000000
      3.13061481,    -999.00000000,   0.00000000e+00,  -8.93898900e-09,       0.00000000,       0.00000000,       0.00000000
      3.74044189,    -999.00000000,   0.00000000e+00,  -7.29997841e-09,       0.00000000,       0.00000000,       0.00000000
      4.39007330,    -999.00000000,   0.00000000e+00,  -8.41692415e-10,       0.00000000,       0.00000000,       0.00000000
      5.08683752,    -999.00000000,   0.00000000e+00,  -6.76493331e-10,       0.00000000,       0.00000000,       0.00000000
      5.83909865,    -999.00000000,   0.00000000e+00,  -9.03459052e-10,       0.00000000,       0.00000000,       0.00000000
      6.65683126,    -999.00000000,   0.00000000e+00,   8.52230516e-10,       0.00000000,       0.00000000,       0.00000000
      7.55315454,    -999.00000000,   0.00000000e+00,   1.50710962e-09,       0.00000000,       0.00000000,       0.00000000
      8.54504722,    -999.00000000,   0.00000000e+00,   1.19955614e-09,       0.00000000,       0.00000000,       0.00000000
      9.65573975,    -999.00000000,   0.00000000e+00,   8.26381187e-10,       0.00000000,       0.00000000,       0.00000000
     10.91990978,    -999.00000000,   0.00000000e+00,   5.26798950e-10,       0.00000000,       0.00000000,       0.00000000
     11.62550289,    -999.00000000,   0.00000000e+00,   3.72070159e-10,       0.00000000,       0.00000000,       0.00000000
     12.39257225,    -999.00000000,   0.00000000e+00,   2.52394035e-10,       0.00000000,       0.00000000,       0.00000000
     13.23530725,    -999.00000000,   0.00000000e+00,   1.41333818e-10,       0.00000000,       0.00000000,       0.00000000
     14.17428148,    -999.00000000,   0.00000000e+00,   5.87883992e-11,       0.00000000,       0.00000000,       0.00000000
     15.24287643,    -999.00000000,   0.00000000e+00,   1.24955719e-11,       0.00000000,       0.00000000,       0.00000000
     16.50675334,    -999.00000000,   0.00000000e+00,   1.14084647e-11,       0.00000000,       0.00000000,       0.00000000
     18.53084301,    -999.00000000,   0.00000000e+00,   1.12276352e-11,       0.00000000,       0.00000000,       0.00000000
     20.52008585,    -999.00000000,   0.00000000e+00,   1.12575977e-11,       0.00000000,       0.00000000,       0.00000000
  10000.00,         29,    1009.32
      0.09092833,    -999.00000000,   0.00000000e+00,  -5.61651045e-08,       0.00000000,       0.00000000,       0.00000000
      0.31092813,    -999.00000000,   0.00000000e+00,  -6.05459091e-08,       0.00000000,       0.00000000,       0.00000000
      0.53677186,    -999.00000000,   0.00000000e+00,  -3.86256316e-08,       0.00000000,       0.00000000,       0.00000000
      0.76821933,    -999.00000000,   0.00000000e+00,  -2.10392375e-08,       0.00000000,       0.00000000,       0.00000000
      1.00523255,    -999.00000000,   0.00000000e+00,  -1.32695886e-08,       0.00000000,       0.00000000,       0.00000000
      1.24790012,    -999.00000000,   0.00000000e+00,  -8.12143279e-09,       0.00000000,       0.00000000,       0.00000000
      1.49646801,    -999.00000000,   0.00000000e+00,  -4.34272005e-09,       0.00000000,       0.00000000,       0.00000000
      1.75116890,    -999.00000000,   0.00000000e+00,  -2.94465989e-09,       0.00000000,       0.00000000,       0.00000000
      2.01240885,    -999.00000000,   0.00000000e+00,  -3.82532734e-09,       0.00000000,       0.00000000,       0.00000000
      2.28052443,    -999.00000000,   0.00000000e+00,  -5.87832586e-09,       0.00000000,       0.00000000,       0.00000000
      2.55593465,    -999.00000000,   0.00000000e+00,  -7.64375822e-09,       0.00000000,       0.00000000,       0.00000000
      3.13061481,    -999.00000000,   0.00000000e+00,  -8.93898900e-09,       0.00000000,       0.00000000,       0.00000000
      3.74044189,    -999.00000000,   0.00000000e+00,  -7.29997841e-09,       0.00000000,       0.00000000,       0.00000000
      4.39007330,    -999.00000000,   0.00000000e+00,  -8.41692415e-10,       0.00000000,       0.00000000,       0.00000000
      5.08683752,    -999.00000000,   0.00000000e+00,  -6.76493331e-10,       0.00000000,       0.00000000,       0.00000000
      5.83909865,    -999.00000000,   0.00000000e+00,  -9.03459052e-10,       0.00000000,       0.00000000,       0.00000000
      6.65683126,    -999.00000000,   0.00000000e+00,   8.52230516e-10,       0.00000000,       0.00000000,       0.00000000
      7.55315454,    -999.00000000,   0.00000000e+00,   1.50710962e-09,       0.00000000,       0.00000000,       0.00000000
      8.54504722,    -999.00000000,   0.00000000e+00,   1.19955614e-09,       0.00000000,       0.00000000,       0.00000000
      9.65573975,    -999.00000000,   0.00000000e+00,   8.26381187e-10,       0.00000000,       0.00000000,       0.00000000
     10.91990978,    -999.00000000,   0.00000000e+00,   5.26798950e-10,       0.00000000,       0.00000000,       0.00000000
     11.62550289,    -999.00000000,   0.00000000e+00,   3.72070159e-10,       0.00000000,       0.00000000,       0.00000000
     12.39257225,    -999.00000000,   0.00000000e+00,   2.52394035e-10,       0.00000000,       0.00000000,       0.00000000
     13.23530725,    -999.00000000,   0.00000000e+00,   1.41333818e-10,       0.00000000,       0.00000000,       0.00000000
     14.17428148,    -999.00000000,   0.00000000e+00,   5.87883992e-11,       0.00000000,       0.00000000,       0.00000000
     15.24287643,    -999.00000000,   0.00000000e+00,   1.24955719e-11,       0.00000000,       0.00000000,       0.00000000
     16.50675334,    -999.00000000,   0.00000000e+00,   1.14084647e-11,       0.00000000,       0.00000000,       0.00000000
     18.53084301,    -999.00000000,   0.00000000e+00,   1.12276352e-11,       0.00000000,       0.00000000,       0.00000000
     20.52008585,    -999.00000000,   0.00000000e+00,   1.12575977e-11,       0.00000000,       0.00000000,       0.00000000
