  z[m] p[mb] tpls[K/s] qls[kg/kg/s] uls_hor vls_hor wls[m/s]
      0.00,         29,    1009.32
      0.09092833,    -999.00000000,   0.00000000e+00,  -1.68495313e-07,       0.00000000,       0.00000000,       0.00000000
      0.31092813,    -999.00000000,   0.00000000e+00,  -1.81637727e-07,       0.00000000,       0.00000000,       0.00000000
      0.53677186,    -999.00000000,   0.00000000e+00,  -1.15876895e-07,       0.00000000,       0.00000000,       0.00000000
      0.76821933,    -999.00000000,   0.00000000e+00,  -6.31177126e-08,       0.00000000,       0.00000000,       0.00000000
      1.00523255,    -999.00000000,   0.00000000e+00,  -3.98087658e-08,       0.00000000,       0.00000000,       0.00000000
      1.24790012,    -999.00000000,   0.00000000e+00,  -2.43642984e-08,       0.00000000,       0.00000000,       0.00000000
      1.49646801,    -999.00000000,   0.00000000e+00,  -1.30281602e-08,       0.00000000,       0.00000000,       0.00000000
      1.75116890,    -999.00000000,   0.00000000e+00,  -8.83397966e-09,       0.00000000,       0.00000000,       0.00000000
      2.01240885,    -999.00000000,   0.00000000e+00,  -1.14759820e-08,       0.00000000,       0.00000000,       0.00000000
      2.28052443,    -999.00000000,   0.00000000e+00,  -1.76349776e-08,       0.00000000,       0.00000000,       0.00000000
      2.55593465,    -999.00000000,   0.00000000e+00,  -2.29312747e-08,       0.00000000,       0.00000000,       0.00000000
      3.13061481,    -999.00000000,   0.00000000e+00,  -2.68169670e-08,       0.00000000,       0.00000000,       0.00000000
      3.74044189,    -999.00000000,   0.00000000e+00,  -2.18999352e-08,       0.00000000,       0.00000000,       0.00000000
      4.39007330,    -999.00000000,   0.00000000e+00,  -2.52507725e-09,       0.00000000,       0.00000000,       0.00000000
      5.08683752,    -999.00000000,   0.00000000e+00,  -2.02947999e-09,       0.00000000,       0.00000000,       0.00000000
      5.83909865,    -999.00000000,   0.00000000e+00,  -2.71037715e-09,       0.00000000,       0.00000000,       0.00000000
      6.65683126,    -999.00000000,   0.00000000e+00,   2.55669155e-09,       0.00000000,       0.00000000,       0.00000000
      7.55315454,    -999.00000000,   0.00000000e+00,   4.52132885e-09,       0.00000000,       0.00000000,       0.00000000
      8.54504722,    -999.00000000,   0.00000000e+00,   3.59866842e-09,       0.00000000,       0.00000000,       0.00000000
      9.65573975,    -999.00000000,   0.00000000e+00,   2.47914356e-09,       0.00000000,       0.00000000,       0.00000000
     10.91990978,    -999.00000000,   0.00000000e+00,   1.58039685e-09,       0.00000000,       0.00000000,       0.00000000
     11.62550289,    -999.00000000,   0.00000000e+00,   1.11621048e-09,       0.00000000,       0.00000000,       0.00000000
     12.39257225,    -999.00000000,   0.00000000e+00,   7.57182104e-10,       0.00000000,       0.00000000,       0.00000000
     13.23530725,    -999.00000000,   0.00000000e+00,   4.24001453e-10,       0.00000000,       0.00000000,       0.00000000
     14.17428148,    -999.00000000,   0.00000000e+00,   1.76365198e-10,       0.00000000,       0.00000000,       0.00000000
     15.24287643,    -999.00000000,   0.00000000e+00,   3.74867157e-11,       0.00000000,       0.00000000,       0.00000000
     16.50675334,    -999.00000000,   0.00000000e+00,   3.42253941e-11,       0.00000000,       0.00000000,       0.00000000
     18.53084301,    -999.00000000,   0.00000000e+00,   3.36829055e-11,       0.00000000,       0.00000000,       0.00000000
     20.52008585,    -999.00000000,   0.00000000e+00,   3.37727931e-11,       0.00000000,       0.00000000,       0.00000000
  10000.00,         29,    1009.32
      0.09092833,    -999.00000000,   0.00000000e+00,  -1.68495313e-07,       0.00000000,       0.00000000,       0.00000000
      0.31092813,    -999.00000000,   0.00000000e+00,  -1.81637727e-07,       0.00000000,       0.00000000,       0.00000000
      0.53677186,    -999.00000000,   0.00000000e+00,  -1.15876895e-07,       0.00000000,       0.00000000,       0.00000000
      0.76821933,    -999.00000000,   0.00000000e+00,  -6.31177126e-08,       0.00000000,       0.00000000,       0.00000000
      1.00523255,    -999.00000000,   0.00000000e+00,  -3.98087658e-08,       0.00000000,       0.00000000,       0.00000000
      1.24790012,    -999.00000000,   0.00000000e+00,  -2.43642984e-08,       0.00000000,       0.00000000,       0.00000000
      1.49646801,    -999.00000000,   0.00000000e+00,  -1.30281602e-08,       0.00000000,       0.00000000,       0.00000000
      1.75116890,    -999.00000000,   0.00000000e+00,  -8.83397966e-09,       0.00000000,       0.00000000,       0.00000000
      2.01240885,    -999.00000000,   0.00000000e+00,  -1.14759820e-08,       0.00000000,       0.00000000,       0.00000000
      2.28052443,    -999.00000000,   0.00000000e+00,  -1.76349776e-08,       0.00000000,       0.00000000,       0.00000000
      2.55593465,    -999.00000000,   0.00000000e+00,  -2.29312747e-08,       0.00000000,       0.00000000,       0.00000000
      3.13061481,    -999.00000000,   0.00000000e+00,  -2.68169670e-08,       0.00000000,       0.00000000,       0.00000000
      3.74044189,    -999.00000000,   0.00000000e+00,  -2.18999352e-08,       0.00000000,       0.00000000,       0.00000000
      4.39007330,    -999.00000000,   0.00000000e+00,  -2.52507725e-09,       0.00000000,       0.00000000,       0.00000000
      5.08683752,    -999.00000000,   0.00000000e+00,  -2.02947999e-09,       0.00000000,       0.00000000,       0.00000000
      5.83909865,    -999.00000000,   0.00000000e+00,  -2.71037715e-09,       0.00000000,       0.00000000,       0.00000000
      6.65683126,    -999.00000000,   0.00000000e+00,   2.55669155e-09,       0.00000000,       0.00000000,       0.00000000
      7.55315454,    -999.00000000,   0.00000000e+00,   4.52132885e-09,       0.00000000,       0.00000000,       0.00000000
      8.54504722,    -999.00000000,   0.00000000e+00,   3.59866842e-09,       0.00000000,       0.00000000,       0.00000000
      9.65573975,    -999.00000000,   0.00000000e+00,   2.47914356e-09,       0.00000000,       0.00000000,       0.00000000
     10.91990978,    -999.00000000,   0.00000000e+00,   1.58039685e-09,       0.00000000,       0.00000000,       0.00000000
     11.62550289,    -999.00000000,   0.00000000e+00,   1.11621048e-09,       0.00000000,       0.00000000,       0.00000000
     12.39257225,    -999.00000000,   0.00000000e+00,   7.57182104e-10,       0.00000000,       0.00000000,       0.00000000
     13.23530725,    -999.00000000,   0.00000000e+00,   4.24001453e-10,       0.00000000,       0.00000000,       0.00000000
     14.17428148,    -999.00000000,   0.00000000e+00,   1.76365198e-10,       0.00000000,       0.00000000,       0.00000000
     15.24287643,    -999.00000000,   0.00000000e+00,   3.74867157e-11,       0.00000000,       0.00000000,       0.00000000
     16.50675334,    -999.00000000,   0.00000000e+00,   3.42253941e-11,       0.00000000,       0.00000000,       0.00000000
     18.53084301,    -999.00000000,   0.00000000e+00,   3.36829055e-11,       0.00000000,       0.00000000,       0.00000000
     20.52008585,    -999.00000000,   0.00000000e+00,   3.37727931e-11,       0.00000000,       0.00000000,       0.00000000
