  z[m] p[mb] tpls[K/s] qls[kg/kg/s] uls_hor vls_hor wls[m/s]
      0.00,         29,    1009.32
      0.09092833,    -999.00000000,   0.00000000e+00,  -6.73981254e-07,       0.00000000,       0.00000000,       0.00000000
      0.31092813,    -999.00000000,   0.00000000e+00,  -7.26550909e-07,       0.00000000,       0.00000000,       0.00000000
      0.53677186,    -999.00000000,   0.00000000e+00,  -4.63507580e-07,       0.00000000,       0.00000000,       0.00000000
      0.76821933,    -999.00000000,   0.00000000e+00,  -2.52470850e-07,       0.00000000,       0.00000000,       0.00000000
      1.00523255,    -999.00000000,   0.00000000e+00,  -1.59235063e-07,       0.00000000,       0.00000000,       0.00000000
      1.24790012,    -999.00000000,   0.00000000e+00,  -9.74571935e-08,       0.00000000,       0.00000000,       0.00000000
      1.49646801,    -999.00000000,   0.00000000e+00,  -5.21126406e-08,       0.00000000,       0.00000000,       0.00000000
      1.75116890,    -999.00000000,   0.00000000e+00,  -3.53359186e-08,       0.00000000,       0.00000000,       0.00000000
      2.01240885,    -999.00000000,   0.00000000e+00,  -4.59039280e-08,       0.00000000,       0.00000000,       0.00000000
      2.28052443,    -999.00000000,   0.00000000e+00,  -7.05399104e-08,       0.00000000,       0.00000000,       0.00000000
      2.55593465,    -999.00000000,   0.00000000e+00,  -9.17250986e-08,       0.00000000,       0.00000000,       0.00000000
      3.13061481,    -999.00000000,   0.00000000e+00,  -1.07267868e-07,       0.00000000,       0.00000000,       0.00000000
      3.74044189,    -999.00000000,   0.00000000e+00,  -8.75997410e-08,       0.00000000,       0.00000000,       0.00000000
      4.39007330,    -999.00000000,   0.00000000e+00,  -1.01003090e-08,       0.00000000,       0.00000000,       0.00000000
      5.08683752,    -999.00000000,   0.00000000e+00,  -8.11791998e-09,       0.00000000,       0.00000000,       0.00000000
      5.83909865,    -999.00000000,   0.00000000e+00,  -1.08415086e-08,       0.00000000,       0.00000000,       0.00000000
      6.65683126,    -999.00000000,   0.00000000e+00,   1.02267662e-08,       0.00000000,       0.00000000,       0.00000000
      7.55315454,    -999.00000000,   0.00000000e+00,   1.80853154e-08,       0.00000000,       0.00000000,       0.00000000
      8.54504722,    -999.00000000,   0.00000000e+00,   1.43946737e-08,       0.00000000,       0.00000000,       0.00000000
      9.65573975,    -999.00000000,   0.00000000e+00,   9.91657425e-09,       0.00000000,       0.00000000,       0.00000000
     10.91990978,    -999.00000000,   0.00000000e+00,   6.32158740e-09,       0.00000000,       0.00000000,       0.00000000
     11.62550289,    -999.00000000,   0.00000000e+00,   4.46484191e-09,       0.00000000,       0.00000000,       0.00000000
     12.39257225,    -999.00000000,   0.00000000e+00,   3.02872842e-09,       0.00000000,       0.00000000,       0.00000000
     13.23530725,    -999.00000000,   0.00000000e+00,   1.69600581e-09,       0.00000000,       0.00000000,       0.00000000
     14.17428148,    -999.00000000,   0.00000000e+00,   7.05460790e-10,       0.00000000,       0.00000000,       0.00000000
     15.24287643,    -999.00000000,   0.00000000e+00,   1.49946863e-10,       0.00000000,       0.00000000,       0.00000000
     16.50675334,    -999.00000000,   0.00000000e+00,   1.36901576e-10,       0.00000000,       0.00000000,       0.00000000
     18.53084301,    -999.00000000,   0.00000000e+00,   1.34731622e-10,       0.00000000,       0.00000000,       0.00000000
     20.52008585,    -999.00000000,   0.00000000e+00,   1.35091172e-10,       0.00000000,       0.00000000,       0.00000000
  10000.00,         29,    1009.32
      0.09092833,    -999.00000000,   0.00000000e+00,  -6.73981254e-07,       0.00000000,       0.00000000,       0.00000000
      0.31092813,    -999.00000000,   0.00000000e+00,  -7.26550909e-07,       0.00000000,       0.00000000,       0.00000000
      0.53677186,    -999.00000000,   0.00000000e+00,  -4.63507580e-07,       0.00000000,       0.00000000,       0.00000000
      0.76821933,    -999.00000000,   0.00000000e+00,  -2.52470850e-07,       0.00000000,       0.00000000,       0.00000000
      1.00523255,    -999.00000000,   0.00000000e+00,  -1.59235063e-07,       0.00000000,       0.00000000,       0.00000000
      1.24790012,    -999.00000000,   0.00000000e+00,  -9.74571935e-08,       0.00000000,       0.00000000,       0.00000000
      1.49646801,    -999.00000000,   0.00000000e+00,  -5.21126406e-08,       0.00000000,       0.00000000,       0.00000000
      1.75116890,    -999.00000000,   0.00000000e+00,  -3.53359186e-08,       0.00000000,       0.00000000,       0.00000000
      2.01240885,    -999.00000000,   0.00000000e+00,  -4.59039280e-08,       0.00000000,       0.00000000,       0.00000000
      2.28052443,    -999.00000000,   0.00000000e+00,  -7.05399104e-08,       0.00000000,       0.00000000,       0.00000000
      2.55593465,    -999.00000000,   0.00000000e+00,  -9.17250986e-08,       0.00000000,       0.00000000,       0.00000000
      3.13061481,    -999.00000000,   0.00000000e+00,  -1.07267868e-07,       0.00000000,       0.00000000,       0.00000000
      3.74044189,    -999.00000000,   0.00000000e+00,  -8.75997410e-08,       0.00000000,       0.00000000,       0.00000000
      4.39007330,    -999.00000000,   0.00000000e+00,  -1.01003090e-08,       0.00000000,       0.00000000,       0.00000000
      5.08683752,    -999.00000000,   0.00000000e+00,  -8.11791998e-09,       0.00000000,       0.00000000,       0.00000000
      5.83909865,    -999.00000000,   0.00000000e+00,  -1.08415086e-08,       0.00000000,       0.00000000,       0.00000000
      6.65683126,    -999.00000000,   0.00000000e+00,   1.02267662e-08,       0.00000000,       0.00000000,       0.00000000
      7.55315454,    -999.00000000,   0.00000000e+00,   1.80853154e-08,       0.00000000,       0.00000000,       0.00000000
      8.54504722,    -999.00000000,   0.00000000e+00,   1.43946737e-08,       0.00000000,       0.00000000,       0.00000000
      9.65573975,    -999.00000000,   0.00000000e+00,   9.91657425e-09,       0.00000000,       0.00000000,       0.00000000
     10.91990978,    -999.00000000,   0.00000000e+00,   6.32158740e-09,       0.00000000,       0.00000000,       0.00000000
     11.62550289,    -999.00000000,   0.00000000e+00,   4.46484191e-09,       0.00000000,       0.00000000,       0.00000000
     12.39257225,    -999.00000000,   0.00000000e+00,   3.02872842e-09,       0.00000000,       0.00000000,       0.00000000
     13.23530725,    -999.00000000,   0.00000000e+00,   1.69600581e-09,       0.00000000,       0.00000000,       0.00000000
     14.17428148,    -999.00000000,   0.00000000e+00,   7.05460790e-10,       0.00000000,       0.00000000,       0.00000000
     15.24287643,    -999.00000000,   0.00000000e+00,   1.49946863e-10,       0.00000000,       0.00000000,       0.00000000
     16.50675334,    -999.00000000,   0.00000000e+00,   1.36901576e-10,       0.00000000,       0.00000000,       0.00000000
     18.53084301,    -999.00000000,   0.00000000e+00,   1.34731622e-10,       0.00000000,       0.00000000,       0.00000000
     20.52008585,    -999.00000000,   0.00000000e+00,   1.35091172e-10,       0.00000000,       0.00000000,       0.00000000
