  z[m] p[mb] tpls[K/s] qls[kg/kg/s] uls_hor vls_hor wls[m/s]
      0.00,         29,    1009.32
      0.09092833,    -999.00000000,   0.00000000e+00,  -7.30146358e-07,       0.00000000,       0.00000000,       0.00000000
      0.31092813,    -999.00000000,   0.00000000e+00,  -7.87096818e-07,       0.00000000,       0.00000000,       0.00000000
      0.53677186,    -999.00000000,   0.00000000e+00,  -5.02133211e-07,       0.00000000,       0.00000000,       0.00000000
      0.76821933,    -999.00000000,   0.00000000e+00,  -2.73510088e-07,       0.00000000,       0.00000000,       0.00000000
      1.00523255,    -999.00000000,   0.00000000e+00,  -1.72504652e-07,       0.00000000,       0.00000000,       0.00000000
      1.24790012,    -999.00000000,   0.00000000e+00,  -1.05578626e-07,       0.00000000,       0.00000000,       0.00000000
      1.49646801,    -999.00000000,   0.00000000e+00,  -5.64553607e-08,       0.00000000,       0.00000000,       0.00000000
      1.75116890,    -999.00000000,   0.00000000e+00,  -3.82805785e-08,       0.00000000,       0.00000000,       0.00000000
      2.01240885,    -999.00000000,   0.00000000e+00,  -4.97292554e-08,       0.00000000,       0.00000000,       0.00000000
      2.28052443,    -999.00000000,   0.00000000e+00,  -7.64182362e-08,       0.00000000,       0.00000000,       0.00000000
      2.55593465,    -999.00000000,   0.00000000e+00,  -9.93688568e-08,       0.00000000,       0.00000000,       0.00000000
      3.13061481,    -999.00000000,   0.00000000e+00,  -1.16206857e-07,       0.00000000,       0.00000000,       0.00000000
      3.74044189,    -999.00000000,   0.00000000e+00,  -9.48997194e-08,       0.00000000,       0.00000000,       0.00000000
      4.39007330,    -999.00000000,   0.00000000e+00,  -1.09420014e-08,       0.00000000,       0.00000000,       0.00000000
      5.08683752,    -999.00000000,   0.00000000e+00,  -8.79441331e-09,       0.00000000,       0.00000000,       0.00000000
      5.83909865,    -999.00000000,   0.00000000e+00,  -1.17449677e-08,       0.00000000,       0.00000000,       0.00000000
      6.65683126,    -999.00000000,   0.00000000e+00,   1.10789967e-08,       0.00000000,       0.00000000,       0.00000000
      7.55315454,    -999.00000000,   0.00000000e+00,   1.95924250e-08,       0.00000000,       0.00000000,       0.00000000
      8.54504722,    -999.00000000,   0.00000000e+00,   1.55942298e-08,       0.00000000,       0.00000000,       0.00000000
      9.65573975,    -999.00000000,   0.00000000e+00,   1.07429554e-08,       0.00000000,       0.00000000,       0.00000000
     10.91990978,    -999.00000000,   0.00000000e+00,   6.84838635e-09,       0.00000000,       0.00000000,       0.00000000
     11.62550289,    -999.00000000,   0.00000000e+00,   4.83691207e-09,       0.00000000,       0.00000000,       0.00000000
     12.39257225,    -999.00000000,   0.00000000e+00,   3.28112245e-09,       0.00000000,       0.00000000,       0.00000000
     13.23530725,    -999.00000000,   0.00000000e+00,   1.83733963e-09,       0.00000000,       0.00000000,       0.00000000
     14.17428148,    -999.00000000,   0.00000000e+00,   7.64249189e-10,       0.00000000,       0.00000000,       0.00000000
     15.24287643,    -999.00000000,   0.00000000e+00,   1.62442435e-10,       0.00000000,       0.00000000,       0.00000000
     16.50675334,    -999.00000000,   0.00000000e+00,   1.48310041e-10,       0.00000000,       0.00000000,       0.00000000
     18.53084301,    -999.00000000,   0.00000000e+00,   1.45959257e-10,       0.00000000,       0.00000000,       0.00000000
     20.52008585,    -999.00000000,   0.00000000e+00,   1.46348770e-10,       0.00000000,       0.00000000,       0.00000000
  10000.00,         29,    1009.32
      0.09092833,    -999.00000000,   0.00000000e+00,  -7.30146358e-07,       0.00000000,       0.00000000,       0.00000000
      0.31092813,    -999.00000000,   0.00000000e+00,  -7.87096818e-07,       0.00000000,       0.00000000,       0.00000000
      0.53677186,    -999.00000000,   0.00000000e+00,  -5.02133211e-07,       0.00000000,       0.00000000,       0.00000000
      0.76821933,    -999.00000000,   0.00000000e+00,  -2.73510088e-07,       0.00000000,       0.00000000,       0.00000000
      1.00523255,    -999.00000000,   0.00000000e+00,  -1.72504652e-07,       0.00000000,       0.00000000,       0.00000000
      1.24790012,    -999.00000000,   0.00000000e+00,  -1.05578626e-07,       0.00000000,       0.00000000,       0.00000000
      1.49646801,    -999.00000000,   0.00000000e+00,  -5.64553607e-08,       0.00000000,       0.00000000,       0.00000000
      1.75116890,    -999.00000000,   0.00000000e+00,  -3.82805785e-08,       0.00000000,       0.00000000,       0.00000000
      2.01240885,    -999.00000000,   0.00000000e+00,  -4.97292554e-08,       0.00000000,       0.00000000,       0.00000000
      2.28052443,    -999.00000000,   0.00000000e+00,  -7.64182362e-08,       0.00000000,       0.00000000,       0.00000000
      2.55593465,    -999.00000000,   0.00000000e+00,  -9.93688568e-08,       0.00000000,       0.00000000,       0.00000000
      3.13061481,    -999.00000000,   0.00000000e+00,  -1.16206857e-07,       0.00000000,       0.00000000,       0.00000000
      3.74044189,    -999.00000000,   0.00000000e+00,  -9.48997194e-08,       0.00000000,       0.00000000,       0.00000000
      4.39007330,    -999.00000000,   0.00000000e+00,  -1.09420014e-08,       0.00000000,       0.00000000,       0.00000000
      5.08683752,    -999.00000000,   0.00000000e+00,  -8.79441331e-09,       0.00000000,       0.00000000,       0.00000000
      5.83909865,    -999.00000000,   0.00000000e+00,  -1.17449677e-08,       0.00000000,       0.00000000,       0.00000000
      6.65683126,    -999.00000000,   0.00000000e+00,   1.10789967e-08,       0.00000000,       0.00000000,       0.00000000
      7.55315454,    -999.00000000,   0.00000000e+00,   1.95924250e-08,       0.00000000,       0.00000000,       0.00000000
      8.54504722,    -999.00000000,   0.00000000e+00,   1.55942298e-08,       0.00000000,       0.00000000,       0.00000000
      9.65573975,    -999.00000000,   0.00000000e+00,   1.07429554e-08,       0.00000000,       0.00000000,       0.00000000
     10.91990978,    -999.00000000,   0.00000000e+00,   6.84838635e-09,       0.00000000,       0.00000000,       0.00000000
     11.62550289,    -999.00000000,   0.00000000e+00,   4.83691207e-09,       0.00000000,       0.00000000,       0.00000000
     12.39257225,    -999.00000000,   0.00000000e+00,   3.28112245e-09,       0.00000000,       0.00000000,       0.00000000
     13.23530725,    -999.00000000,   0.00000000e+00,   1.83733963e-09,       0.00000000,       0.00000000,       0.00000000
     14.17428148,    -999.00000000,   0.00000000e+00,   7.64249189e-10,       0.00000000,       0.00000000,       0.00000000
     15.24287643,    -999.00000000,   0.00000000e+00,   1.62442435e-10,       0.00000000,       0.00000000,       0.00000000
     16.50675334,    -999.00000000,   0.00000000e+00,   1.48310041e-10,       0.00000000,       0.00000000,       0.00000000
     18.53084301,    -999.00000000,   0.00000000e+00,   1.45959257e-10,       0.00000000,       0.00000000,       0.00000000
     20.52008585,    -999.00000000,   0.00000000e+00,   1.46348770e-10,       0.00000000,       0.00000000,       0.00000000
