  z[m] p[mb] tpls[K/s] qls[kg/kg/s] uls_hor vls_hor wls[m/s]
      0.00,         29,    1009.32
      0.09092833,    -999.00000000,   0.00000000e+00,   6.17816149e-07,       0.00000000,       0.00000000,       0.00000000
      0.31092813,    -999.00000000,   0.00000000e+00,   6.66005000e-07,       0.00000000,       0.00000000,       0.00000000
      0.53677186,    -999.00000000,   0.00000000e+00,   4.24881948e-07,       0.00000000,       0.00000000,       0.00000000
      0.76821933,    -999.00000000,   0.00000000e+00,   2.31431613e-07,       0.00000000,       0.00000000,       0.00000000
      1.00523255,    -999.00000000,   0.00000000e+00,   1.45965475e-07,       0.00000000,       0.00000000,       0.00000000
      1.24790012,    -999.00000000,   0.00000000e+00,   8.93357607e-08,       0.00000000,       0.00000000,       0.00000000
      1.49646801,    -999.00000000,   0.00000000e+00,   4.77699206e-08,       0.00000000,       0.00000000,       0.00000000
      1.75116890,    -999.00000000,   0.00000000e+00,   3.23912588e-08,       0.00000000,       0.00000000,       0.00000000
      2.01240885,    -999.00000000,   0.00000000e+00,   4.20786007e-08,       0.00000000,       0.00000000,       0.00000000
      2.28052443,    -999.00000000,   0.00000000e+00,   6.46615845e-08,       0.00000000,       0.00000000,       0.00000000
      2.55593465,    -999.00000000,   0.00000000e+00,   8.40813404e-08,       0.00000000,       0.00000000,       0.00000000
      3.13061481,    -999.00000000,   0.00000000e+00,   9.83288790e-08,       0.00000000,       0.00000000,       0.00000000
      3.74044189,    -999.00000000,   0.00000000e+00,   8.02997626e-08,       0.00000000,       0.00000000,       0.00000000
      4.39007330,    -999.00000000,   0.00000000e+00,   9.25861657e-09,       0.00000000,       0.00000000,       0.00000000
      5.08683752,    -999.00000000,   0.00000000e+00,   7.44142664e-09,       0.00000000,       0.00000000,       0.00000000
      5.83909865,    -999.00000000,   0.00000000e+00,   9.93804957e-09,       0.00000000,       0.00000000,       0.00000000
      6.65683126,    -999.00000000,   0.00000000e+00,  -9.37453567e-09,       0.00000000,       0.00000000,       0.00000000
      7.55315454,    -999.00000000,   0.00000000e+00,  -1.65782058e-08,       0.00000000,       0.00000000,       0.00000000
      8.54504722,    -999.00000000,   0.00000000e+00,  -1.31951176e-08,       0.00000000,       0.00000000,       0.00000000
      9.65573975,    -999.00000000,   0.00000000e+00,  -9.09019306e-09,       0.00000000,       0.00000000,       0.00000000
     10.91990978,    -999.00000000,   0.00000000e+00,  -5.79478845e-09,       0.00000000,       0.00000000,       0.00000000
     11.62550289,    -999.00000000,   0.00000000e+00,  -4.09277175e-09,       0.00000000,       0.00000000,       0.00000000
     12.39257225,    -999.00000000,   0.00000000e+00,  -2.77633438e-09,       0.00000000,       0.00000000,       0.00000000
     13.23530725,    -999.00000000,   0.00000000e+00,  -1.55467199e-09,       0.00000000,       0.00000000,       0.00000000
     14.17428148,    -999.00000000,   0.00000000e+00,  -6.46672391e-10,       0.00000000,       0.00000000,       0.00000000
     15.24287643,    -999.00000000,   0.00000000e+00,  -1.37451291e-10,       0.00000000,       0.00000000,       0.00000000
     16.50675334,    -999.00000000,   0.00000000e+00,  -1.25493112e-10,       0.00000000,       0.00000000,       0.00000000
     18.53084301,    -999.00000000,   0.00000000e+00,  -1.23503987e-10,       0.00000000,       0.00000000,       0.00000000
     20.52008585,    -999.00000000,   0.00000000e+00,  -1.23833575e-10,       0.00000000,       0.00000000,       0.00000000
  10000.00,         29,    1009.32
      0.09092833,    -999.00000000,   0.00000000e+00,   6.17816149e-07,       0.00000000,       0.00000000,       0.00000000
      0.31092813,    -999.00000000,   0.00000000e+00,   6.66005000e-07,       0.00000000,       0.00000000,       0.00000000
      0.53677186,    -999.00000000,   0.00000000e+00,   4.24881948e-07,       0.00000000,       0.00000000,       0.00000000
      0.76821933,    -999.00000000,   0.00000000e+00,   2.31431613e-07,       0.00000000,       0.00000000,       0.00000000
      1.00523255,    -999.00000000,   0.00000000e+00,   1.45965475e-07,       0.00000000,       0.00000000,       0.00000000
      1.24790012,    -999.00000000,   0.00000000e+00,   8.93357607e-08,       0.00000000,       0.00000000,       0.00000000
      1.49646801,    -999.00000000,   0.00000000e+00,   4.77699206e-08,       0.00000000,       0.00000000,       0.00000000
      1.75116890,    -999.00000000,   0.00000000e+00,   3.23912588e-08,       0.00000000,       0.00000000,       0.00000000
      2.01240885,    -999.00000000,   0.00000000e+00,   4.20786007e-08,       0.00000000,       0.00000000,       0.00000000
      2.28052443,    -999.00000000,   0.00000000e+00,   6.46615845e-08,       0.00000000,       0.00000000,       0.00000000
      2.55593465,    -999.00000000,   0.00000000e+00,   8.40813404e-08,       0.00000000,       0.00000000,       0.00000000
      3.13061481,    -999.00000000,   0.00000000e+00,   9.83288790e-08,       0.00000000,       0.00000000,       0.00000000
      3.74044189,    -999.00000000,   0.00000000e+00,   8.02997626e-08,       0.00000000,       0.00000000,       0.00000000
      4.39007330,    -999.00000000,   0.00000000e+00,   9.25861657e-09,       0.00000000,       0.00000000,       0.00000000
      5.08683752,    -999.00000000,   0.00000000e+00,   7.44142664e-09,       0.00000000,       0.00000000,       0.00000000
      5.83909865,    -999.00000000,   0.00000000e+00,   9.93804957e-09,       0.00000000,       0.00000000,       0.00000000
      6.65683126,    -999.00000000,   0.00000000e+00,  -9.37453567e-09,       0.00000000,       0.00000000,       0.00000000
      7.55315454,    -999.00000000,   0.00000000e+00,  -1.65782058e-08,       0.00000000,       0.00000000,       0.00000000
      8.54504722,    -999.00000000,   0.00000000e+00,  -1.31951176e-08,       0.00000000,       0.00000000,       0.00000000
      9.65573975,    -999.00000000,   0.00000000e+00,  -9.09019306e-09,       0.00000000,       0.00000000,       0.00000000
     10.91990978,    -999.00000000,   0.00000000e+00,  -5.79478845e-09,       0.00000000,       0.00000000,       0.00000000
     11.62550289,    -999.00000000,   0.00000000e+00,  -4.09277175e-09,       0.00000000,       0.00000000,       0.00000000
     12.39257225,    -999.00000000,   0.00000000e+00,  -2.77633438e-09,       0.00000000,       0.00000000,       0.00000000
     13.23530725,    -999.00000000,   0.00000000e+00,  -1.55467199e-09,       0.00000000,       0.00000000,       0.00000000
     14.17428148,    -999.00000000,   0.00000000e+00,  -6.46672391e-10,       0.00000000,       0.00000000,       0.00000000
     15.24287643,    -999.00000000,   0.00000000e+00,  -1.37451291e-10,       0.00000000,       0.00000000,       0.00000000
     16.50675334,    -999.00000000,   0.00000000e+00,  -1.25493112e-10,       0.00000000,       0.00000000,       0.00000000
     18.53084301,    -999.00000000,   0.00000000e+00,  -1.23503987e-10,       0.00000000,       0.00000000,       0.00000000
     20.52008585,    -999.00000000,   0.00000000e+00,  -1.23833575e-10,       0.00000000,       0.00000000,       0.00000000
